1, 55.625286, 76.197064, 279, 57.576772, 71.541801
2, 82.971534, 11.287931, 470, 81.121586, 14.399061
3, 59.504012, 69.218979, 796, 60.445685, 64.472737
4, 5.285061, 5.981703, 189, 9.338828, 8.779884
5, 75.763147, 72.501346, 523, 75.567450, 67.789889
6, 73.309944, 25.116827, 362, 69.993980, 31.535615
7, 61.539494, 3.196350, 240, 61.645939, 11.049465
8, 3.809092, 61.782966, 314, 5.329931, 60.208955
9, 37.479469, 51.897117, 282, 43.691008, 50.595463
10, 37.784531, 1.205922, 876, 43.997134, 7.217912
11, 58.740380, 84.786454, 800, 55.680807, 81.541163
12, 22.139689, 37.217985, 554, 24.362151, 36.102509
13, 63.364083, 26.622696, 349, 66.528009, 29.627129
14, 21.750819, 79.558769, 30, 26.684524, 77.712843
15, 6.987925, 49.139275, 758, 13.036691, 49.701420
16, 66.670688, 77.253881, 847, 67.620077, 73.893285
17, 90.014048, 47.276480, 646, 84.509657, 43.433184
18, 99.595723, 4.785485, 231, 97.549488, 6.063696
19, 67.057447, 54.298524, 727, 71.021877, 49.012499
20, 93.292563, 6.585953, 372, 90.255596, 6.276912
21, 55.211717, 35.795041, 192, 60.334690, 36.189828
22, 69.139231, 17.340893, 947, 68.237085, 19.163418
23, 48.363578, 13.560036, 807, 52.339618, 17.765661
24, 17.228276, 47.102885, 68, 23.350988, 48.034276
25, 37.537348, 66.709032, 792, 39.696930, 63.344003
26, 78.240017, 23.644866, 6, 73.309944, 25.116827
27, 23.695810, 19.427694, 892, 26.952537, 22.170587
28, 77.298366, 68.902753, 609, 76.145331, 66.432467
29, 7.645620, 58.324963, 378, 9.083675, 58.483669
30, 26.684524, 77.712843, 794, 30.769947, 73.933444
31, 12.512725, 38.572446, 280, 17.083484, 39.961181
32, 38.327850, 0.469754, 876, 43.997134, 7.217912
33, 82.096086, 10.786826, 470, 81.121586, 14.399061
34, 26.130950, 9.266340, 205, 31.577368, 13.163413
35, 8.713581, 76.121210, 118, 11.366453, 71.122751
36, 3.737829, 79.333970, 35, 8.713581, 76.121210
37, 38.390223, 48.606730, 282, 43.691008, 50.595463
39, 84.977055, 74.123245, 417, 86.099489, 72.077542
40, 81.226066, 11.461124, 49, 79.689589, 17.502814
41, 2.837163, 36.426438, 374, 7.384586, 37.305911
42, 63.823682, 83.575577, 764, 64.983192, 79.026313
43, 93.577641, 96.554965, 778, 92.232355, 91.705983
44, 51.179411, 41.393578, 119, 52.699757, 40.105292
45, 17.053847, 53.298860, 912, 22.474178, 51.708653
46, 63.461879, 3.184434, 877, 60.614992, 10.462421
47, 69.206279, 0.539116, 955, 70.052582, 5.496322
48, 97.703302, 70.825818, 228, 94.441156, 67.384453
49, 79.689589, 17.502814, 621, 75.480241, 23.043723
50, 41.334771, 66.007048, 681, 48.415173, 65.221055
51, 76.656352, 73.780346, 845, 76.038793, 71.455244
52, 37.029554, 22.691336, 67, 41.836449, 24.689780
53, 96.308406, 31.741242, 945, 90.791840, 31.400143
54, 53.831107, 28.845813, 451, 57.701270, 29.597931
55, 35.270545, 40.831870, 937, 38.353071, 40.575709
56, 76.050928, 8.918497, 330, 74.401793, 13.739364
57, 98.228270, 36.030600, 392, 92.633661, 38.814395
58, 38.139566, 82.256750, 155, 39.608795, 80.156512
59, 97.888991, 14.296414, 632, 94.092635, 18.187994
60, 8.120687, 14.331363, 498, 11.959830, 15.478208
61, 40.046914, 79.260497, 510, 44.355056, 76.439112
62, 17.488910, 81.810987, 14, 21.750819, 79.558769
63, 48.290385, 85.909976, 959, 47.631641, 84.327797
64, 8.051041, 66.701954, 642, 9.217716, 65.664136
65, 2.627364, 82.062484, 36, 3.737829, 79.333970
66, 56.221736, 77.543956, 279, 57.576772, 71.541801
67, 41.836449, 24.689780, 652, 46.111051, 28.697384
68, 23.350988, 48.034276, 569, 25.126483, 47.950135
69, 6.358062, 54.075123, 442, 9.047834, 51.474801
70, 1.357173, 32.896060, 237, 7.459553, 33.161183
71, 78.113719, 34.780531, 929, 73.479848, 34.402689
72, 66.709089, 60.773055, 123, 69.385774, 56.290135
73, 27.866640, 91.282930, 884, 31.526801, 87.189646
74, 40.766878, 14.573327, 908, 45.885169, 17.709172
75, 32.623270, 63.509419, 540, 34.183434, 60.925647
76, 89.895261, 87.618712, 780, 88.387228, 82.509878
77, 40.906354, 53.924477, 282, 43.691008, 50.595463
78, 64.735721, 75.651552, 711, 65.445583, 71.687853
79, 70.434963, 48.032719, 169, 72.665332, 41.848893
80, 9.409109, 55.042372, 229, 13.809811, 54.649506
81, 35.023378, 32.550134, 199, 41.128215, 33.436702
82, 70.538793, 4.903748, 955, 70.052582, 5.496322
83, 45.930664, 77.541314, 931, 46.192334, 74.904485
84, 60.679570, 71.629574, 796, 60.445685, 64.472737
85, 21.020287, 78.969347, 30, 26.684524, 77.712843
86, 53.580663, 84.648684, 680, 54.735988, 81.605372
87, 40.197644, 97.157607, 517, 42.579708, 93.804564
88, 31.375606, 26.352500, 447, 34.502836, 26.171495
89, 37.340906, 1.789435, 876, 43.997134, 7.217912
90, 4.501359, 9.708866, 406, 8.871229, 11.122415
91, 11.786786, 38.342187, 280, 17.083484, 39.961181
92, 1.547649, 1.890795, 703, 7.973675, 5.334470
93, 36.044884, 74.976131, 734, 40.637432, 73.126647
94, 69.822463, 38.554450, 38, 70.323284, 34.357377
95, 72.596433, 50.051553, 727, 71.021877, 49.012499
96, 25.862360, 90.409861, 73, 27.866640, 91.282930
97, 83.443935, 44.818735, 866, 82.135322, 41.718950
98, 50.122055, 32.050702, 920, 51.101260, 34.626384
99, 46.917328, 7.098791, 23, 48.363578, 13.560036
100, 17.344361, 92.227561, 608, 17.377038, 91.824898
101, 15.215828, 78.431952, 501, 17.727138, 75.452124
102, 46.853794, 21.191105, 576, 49.810183, 21.787029
103, 29.927170, 70.413541, 751, 32.492322, 69.855375
104, 57.432431, 21.376814, 512, 62.292334, 25.161398
105, 96.169313, 69.558169, 228, 94.441156, 67.384453
106, 93.652895, 1.413874, 372, 90.255596, 6.276912
107, 73.403479, 83.164272, 659, 72.078198, 80.984874
108, 80.437255, 81.721791, 531, 80.748874, 77.966553
109, 19.572124, 83.498670, 553, 22.270326, 81.939027
110, 49.976022, 75.424394, 997, 50.169449, 70.737588
111, 77.798011, 79.894003, 178, 78.034556, 75.588961
112, 74.979497, 39.154647, 732, 73.061679, 38.889775
113, 5.679584, 88.426163, 473, 11.993162, 87.109723
114, 70.970547, 85.364649, 659, 72.078198, 80.984874
115, 4.430551, 58.354085, 885, 6.444534, 56.132716
116, 19.418481, 30.642773, 622, 24.551316, 29.386703
117, 50.049583, 56.407608, 458, 53.095549, 54.389248
118, 11.366453, 71.122751, 850, 16.775837, 68.364877
119, 52.699757, 40.105292, 181, 56.383804, 39.206846
120, 26.391555, 18.739038, 669, 31.028414, 22.948850
121, 60.886924, 54.553608, 898, 62.368656, 51.861280
122, 47.692926, 92.447681, 296, 48.132776, 87.732847
123, 69.385774, 56.290135, 888, 70.104215, 51.823718
124, 42.535439, 96.572878, 421, 46.585394, 91.457879
125, 20.018438, 23.264857, 448, 26.671458, 24.991421
126, 88.762158, 32.062932, 156, 83.148244, 32.493601
127, 72.861907, 3.936889, 259, 74.985641, 7.954302
128, 72.315130, 7.370678, 332, 73.523606, 13.130223
129, 62.515943, 15.320337, 835, 62.986978, 17.885274
130, 8.215875, 65.035883, 201, 11.429702, 61.845512
131, 41.408692, 33.009721, 306, 46.070682, 35.621937
132, 11.601364, 6.972715, 424, 13.224978, 9.339012
133, 14.380637, 93.862010, 608, 17.377038, 91.824898
134, 13.056398, 31.074780, 290, 14.993747, 31.683872
135, 88.712192, 87.935423, 147, 86.213467, 84.125860
136, 18.560277, 31.738956, 622, 24.551316, 29.386703
137, 28.785388, 78.634761, 140, 32.439850, 75.955029
138, 46.604045, 6.661878, 23, 48.363578, 13.560036
139, 81.414919, 39.470300, 71, 78.113719, 34.780531
140, 32.439850, 75.955029, 499, 35.671196, 71.628071
141, 78.164720, 37.387999, 71, 78.113719, 34.780531
142, 54.084073, 43.309137, 181, 56.383804, 39.206846
143, 85.597103, 16.153638, 836, 81.955532, 20.061890
144, 93.303567, 97.290216, 944, 92.200643, 96.128114
145, 34.656679, 40.094815, 937, 38.353071, 40.575709
146, 54.174103, 25.523717, 451, 57.701270, 29.597931
147, 86.213467, 84.125860, 860, 84.139433, 82.005888
148, 9.118743, 99.345728, 611, 14.289946, 94.607932
149, 6.913222, 41.841164, 91, 11.786786, 38.342187
150, 99.344965, 47.146028, 648, 93.175153, 43.761655
151, 63.814776, 89.058942, 42, 63.823682, 83.575577
152, 78.022953, 82.895659, 111, 77.798011, 79.894003
153, 34.253067, 55.396185, 9, 37.479469, 51.897117
154, 49.677950, 73.468335, 997, 50.169449, 70.737588
155, 39.608795, 80.156512, 510, 44.355056, 76.439112
156, 83.148244, 32.493601, 853, 79.094989, 33.100775
157, 38.630846, 89.062057, 942, 41.867246, 83.945491
158, 92.547360, 88.333677, 905, 90.393066, 81.895579
159, 39.168512, 50.650460, 282, 43.691008, 50.595463
160, 60.097958, 19.877712, 512, 62.292334, 25.161398
161, 31.098103, 60.862234, 604, 34.073568, 57.237209
162, 26.282635, 39.219288, 848, 30.418919, 38.771543
163, 88.698479, 78.890115, 766, 89.074220, 76.313112
164, 52.010027, 47.366575, 142, 54.084073, 43.309137
165, 60.243033, 45.548109, 545, 63.736127, 41.411606
166, 60.789184, 6.532057, 240, 61.645939, 11.049465
167, 85.804908, 31.219471, 156, 83.148244, 32.493601
168, 50.595611, 1.874898, 768, 53.960228, 8.456122
169, 72.665332, 41.848893, 795, 70.213953, 37.348618
170, 91.096845, 65.445202, 842, 90.025298, 62.107454
171, 89.928901, 20.569846, 682, 85.548459, 24.440363
172, 90.554713, 16.270197, 915, 87.862060, 21.966257
173, 70.844564, 69.539865, 175, 68.276166, 64.795577
174, 97.750395, 98.179856, 43, 93.577641, 96.554965
175, 68.276166, 64.795577, 837, 68.364767, 60.327441
176, 52.140231, 63.959380, 906, 55.623418, 57.890955
177, 77.016451, 83.967695, 111, 77.798011, 79.894003
178, 78.034556, 75.588961, 527, 77.951192, 74.272202
179, 34.207216, 33.525023, 81, 35.023378, 32.550134
180, 12.353681, 79.077983, 575, 12.816284, 79.332481
181, 56.383804, 39.206846, 692, 59.888813, 38.465177
182, 22.025325, 92.393709, 932, 27.156997, 91.599720
183, 34.436152, 85.044969, 58, 38.139566, 82.256750
184, 1.240623, 40.196221, 185, 3.569806, 40.638076
185, 3.569806, 40.638076, 607, 8.121197, 38.994227
186, 20.210541, 14.570152, 819, 22.050904, 15.605283
187, 78.477836, 5.335930, 597, 78.839662, 10.953805
188, 64.430097, 52.565551, 706, 62.332510, 47.816820
189, 9.338828, 8.779884, 424, 13.224978, 9.339012
190, 21.232458, 83.588691, 553, 22.270326, 81.939027
191, 52.926435, 15.211075, 965, 55.278941, 19.732456
192, 60.334690, 36.189828, 907, 63.617971, 35.868627
193, 1.524091, 27.045177, 900, 5.136467, 27.897554
194, 31.443179, 32.504901, 81, 35.023378, 32.550134
195, 28.001628, 59.214217, 604, 34.073568, 57.237209
196, 79.804672, 33.871503, 71, 78.113719, 34.780531
197, 61.218094, 20.020826, 13, 63.364083, 26.622696
198, 49.701867, 49.846237, 762, 51.656955, 46.745052
199, 41.128215, 33.436702, 306, 46.070682, 35.621937
200, 53.916274, 85.984319, 680, 54.735988, 81.605372
201, 11.429702, 61.845512, 452, 15.888906, 57.370193
202, 51.677691, 97.307518, 875, 55.001361, 91.178485
203, 14.187936, 37.497565, 678, 19.816208, 39.321372
204, 39.800872, 81.538019, 155, 39.608795, 80.156512
205, 31.577368, 13.163413, 281, 35.083294, 14.104094
206, 28.713703, 15.483131, 398, 33.661649, 19.311236
207, 33.610275, 75.766496, 499, 35.671196, 71.628071
208, 96.118358, 61.407672, 587, 94.031736, 58.634119
209, 55.058501, 78.785738, 1, 55.625286, 76.197064
210, 88.129140, 80.794640, 556, 87.253562, 79.426145
211, 36.093463, 18.292004, 733, 41.011645, 17.002490
212, 42.919499, 16.997660, 908, 45.885169, 17.709172
213, 75.248658, 24.258845, 6, 73.309944, 25.116827
214, 40.815652, 43.403293, 854, 44.362951, 43.161386
215, 53.720969, 87.834708, 200, 53.916274, 85.984319
216, 18.067346, 75.620665, 501, 17.727138, 75.452124
217, 33.685502, 38.555343, 874, 38.028140, 37.376552
218, 41.839739, 72.125062, 690, 42.982068, 68.014366
219, 57.462864, 34.107754, 1000, 61.840518, 33.837325
220, 15.225430, 11.911340, 186, 20.210541, 14.570152
221, 29.278388, 28.985308, 546, 31.006503, 30.415156
222, 90.992314, 30.154566, 167, 85.804908, 31.219471
223, 76.813747, 82.540208, 111, 77.798011, 79.894003
224, 6.474549, 49.887095, 673, 11.324912, 50.269692
225, 99.411061, 53.788625, 308, 95.485418, 48.921113
226, 63.154567, 51.580500, 706, 62.332510, 47.816820
227, 98.629617, 17.981290, 803, 94.702780, 19.888954
228, 94.441156, 67.384453, 591, 92.091254, 64.053351
229, 13.809811, 54.649506, 45, 17.053847, 53.298860
230, 72.028963, 16.553460, 947, 68.237085, 19.163418
231, 97.549488, 6.063696, 726, 92.654580, 10.879532
232, 10.114551, 14.062771, 498, 11.959830, 15.478208
233, 40.685915, 96.757416, 517, 42.579708, 93.804564
234, 22.018796, 55.273378, 503, 28.976340, 55.134377
235, 61.138906, 59.924635, 121, 60.886924, 54.553608
236, 4.396122, 50.018769, 224, 6.474549, 49.887095
237, 7.459553, 33.161183, 297, 12.294065, 35.355372
238, 92.140445, 97.250668, 944, 92.200643, 96.128114
239, 65.389026, 67.356770, 571, 65.830439, 65.772513
240, 61.645939, 11.049465, 129, 62.515943, 15.320337
241, 66.341230, 71.557441, 571, 65.830439, 65.772513
242, 95.225090, 89.592638, 671, 94.026141, 86.644601
243, 26.032686, 98.573983, 808, 28.391157, 92.798167
244, 34.335145, 83.291630, 568, 37.107379, 81.294276
245, 65.698392, 76.618771, 586, 64.883691, 73.316542
246, 7.052038, 15.040689, 834, 10.390657, 19.013102
247, 33.278800, 5.356878, 981, 36.392044, 7.386791
248, 44.239067, 53.654209, 676, 49.432992, 51.377989
249, 44.699620, 75.721501, 361, 46.018502, 74.649914
250, 69.924443, 11.686800, 812, 67.993323, 15.738644
251, 19.993260, 34.884763, 554, 24.362151, 36.102509
252, 81.898063, 74.114741, 518, 79.284503, 71.578099
253, 59.786960, 56.651627, 898, 62.368656, 51.861280
254, 56.402227, 21.779376, 535, 58.283857, 23.880937
255, 42.249165, 57.599931, 380, 44.140113, 54.239559
256, 30.050728, 36.514644, 217, 33.685502, 38.555343
257, 12.742516, 87.756547, 264, 17.579794, 84.687705
258, 56.424091, 12.439680, 950, 58.840556, 17.022255
259, 74.985641, 7.954302, 330, 74.401793, 13.739364
260, 44.761040, 94.993430, 421, 46.585394, 91.457879
261, 89.763250, 59.603788, 425, 84.797371, 56.940962
262, 30.754444, 41.134882, 55, 35.270545, 40.831870
263, 60.179016, 99.413021, 725, 62.867034, 91.738151
264, 17.579794, 84.687705, 553, 22.270326, 81.939027
265, 4.738176, 66.032680, 130, 8.215875, 65.035883
266, 2.100001, 82.929175, 36, 3.737829, 79.333970
267, 27.702191, 27.818909, 967, 33.174994, 28.841183
268, 37.045572, 12.203725, 946, 41.960633, 15.250361
269, 89.349455, 31.424610, 167, 85.804908, 31.219471
270, 16.745491, 35.898192, 783, 19.972460, 35.160924
271, 67.602803, 17.787029, 984, 65.666319, 23.322763
272, 78.701027, 94.444002, 445, 79.049226, 87.882604
273, 15.861156, 45.798959, 610, 18.338061, 42.095527
274, 68.382486, 95.856380, 371, 67.137857, 90.398761
275, 34.483548, 90.381816, 315, 38.897378, 86.345740
276, 64.877076, 92.559498, 151, 63.814776, 89.058942
277, 71.035831, 66.431504, 817, 73.209384, 63.600732
278, 48.643167, 87.317176, 959, 47.631641, 84.327797
279, 57.576772, 71.541801, 3, 59.504012, 69.218979
280, 17.083484, 39.961181, 678, 19.816208, 39.321372
281, 35.083294, 14.104094, 956, 40.751040, 16.257638
282, 43.691008, 50.595463, 410, 47.476754, 46.856377
283, 59.568454, 35.215494, 907, 63.617971, 35.868627
284, 95.615407, 57.494305, 643, 91.895215, 55.030910
285, 72.394354, 73.106676, 173, 70.844564, 69.539865
286, 74.788019, 45.322688, 169, 72.665332, 41.848893
287, 66.397715, 97.960889, 276, 64.877076, 92.559498
288, 0.873107, 77.595572, 897, 6.179191, 74.365540
289, 54.438844, 20.493986, 535, 58.283857, 23.880937
290, 14.993747, 31.683872, 116, 19.418481, 30.642773
291, 49.271562, 20.953961, 146, 54.174103, 25.523717
292, 2.535375, 86.332416, 513, 7.117074, 82.682176
293, 15.004936, 78.546064, 501, 17.727138, 75.452124
294, 92.042686, 21.824025, 915, 87.862060, 21.966257
295, 45.628470, 29.164669, 476, 46.923002, 29.213350
296, 48.132776, 87.732847, 959, 47.631641, 84.327797
297, 12.294065, 35.355372, 430, 15.436128, 34.849779
298, 24.506742, 93.506386, 932, 27.156997, 91.599720
299, 93.715308, 80.721885, 666, 91.799710, 77.903444
300, 77.510421, 85.803908, 152, 78.022953, 82.895659
301, 49.678328, 52.829529, 790, 51.714503, 47.394050
302, 34.633212, 31.840923, 81, 35.023378, 32.550134
303, 82.203757, 83.697784, 108, 80.437255, 81.721791
304, 16.779725, 0.796897, 352, 21.164709, 1.841573
305, 20.023498, 75.891617, 738, 23.743133, 75.184045
306, 46.070682, 35.621937, 710, 49.495085, 35.023964
307, 96.287502, 59.165430, 643, 91.895215, 55.030910
308, 95.485418, 48.921113, 786, 91.892466, 47.670242
309, 86.998849, 9.681881, 459, 82.439463, 13.039369
310, 30.133247, 4.789320, 716, 33.199650, 8.908710
311, 83.103025, 48.106064, 972, 79.974375, 47.261757
312, 26.216978, 94.979424, 808, 28.391157, 92.798167
313, 49.294641, 79.212497, 110, 49.976022, 75.424394
314, 5.329931, 60.208955, 378, 9.083675, 58.483669
315, 38.897378, 86.345740, 752, 42.304216, 81.776107
316, 88.728699, 99.192239, 691, 88.334009, 97.248074
317, 61.323187, 12.506286, 129, 62.515943, 15.320337
318, 72.881871, 32.761803, 38, 70.323284, 34.357377
319, 68.227139, 77.703649, 809, 68.000794, 76.187743
320, 56.833712, 58.079331, 994, 56.934845, 57.326183
321, 82.317217, 55.740357, 993, 78.302126, 52.912782
322, 43.636724, 75.653380, 361, 46.018502, 74.649914
323, 89.745478, 29.607960, 364, 86.846298, 30.767349
324, 31.357892, 29.044072, 967, 33.174994, 28.841183
325, 72.073307, 88.049312, 114, 70.970547, 85.364649
326, 22.929095, 94.881927, 932, 27.156997, 91.599720
327, 16.723805, 51.425755, 346, 21.607281, 49.824229
328, 16.355586, 14.850141, 819, 22.050904, 15.605283
329, 53.802495, 1.366996, 768, 53.960228, 8.456122
330, 74.401793, 13.739364, 534, 76.294553, 18.528003
331, 17.420862, 35.966292, 783, 19.972460, 35.160924
332, 73.523606, 13.130223, 330, 74.401793, 13.739364
333, 65.080988, 90.534039, 935, 65.178063, 86.735134
334, 81.534319, 97.624702, 830, 81.746902, 95.401453
335, 94.254462, 20.629855, 294, 92.042686, 21.824025
336, 10.904032, 8.021035, 424, 13.224978, 9.339012
337, 73.678863, 97.316484, 744, 74.483228, 90.403402
338, 61.252656, 20.178774, 13, 63.364083, 26.622696
339, 31.807473, 35.060232, 511, 36.645041, 35.453217
340, 78.860146, 60.711760, 674, 78.211361, 57.716370
341, 7.359933, 54.829957, 80, 9.409109, 55.042372
342, 32.132824, 13.390786, 281, 35.083294, 14.104094
343, 2.624096, 62.651594, 314, 5.329931, 60.208955
344, 47.140308, 9.138447, 23, 48.363578, 13.560036
345, 67.401465, 63.877439, 837, 68.364767, 60.327441
346, 21.607281, 49.824229, 569, 25.126483, 47.950135
347, 87.373691, 38.282530, 729, 82.398942, 35.744658
348, 36.206471, 53.852704, 9, 37.479469, 51.897117
349, 66.528009, 29.627129, 38, 70.323284, 34.357377
350, 63.319217, 14.553638, 835, 62.986978, 17.885274
351, 13.534083, 65.498681, 957, 18.397975, 66.844531
352, 21.164709, 1.841573, 616, 28.512128, 3.583095
353, 13.303657, 61.846472, 452, 15.888906, 57.370193
354, 80.548757, 13.400285, 49, 79.689589, 17.502814
356, 3.763907, 10.009440, 406, 8.871229, 11.122415
357, 79.634701, 85.190857, 152, 78.022953, 82.895659
358, 0.652588, 65.982952, 314, 5.329931, 60.208955
359, 5.386392, 14.106949, 246, 7.052038, 15.040689
360, 70.722681, 85.177572, 659, 72.078198, 80.984874
361, 46.018502, 74.649914, 422, 49.356100, 70.332724
362, 69.993980, 31.535615, 38, 70.323284, 34.357377
363, 10.761748, 11.931839, 220, 15.225430, 11.911340
364, 86.846298, 30.767349, 156, 83.148244, 32.493601
365, 81.630479, 39.176315, 71, 78.113719, 34.780531
366, 66.517090, 17.045164, 984, 65.666319, 23.322763
367, 61.487889, 75.559459, 586, 64.883691, 73.316542
368, 99.901843, 13.846954, 632, 94.092635, 18.187994
370, 78.222588, 60.189163, 674, 78.211361, 57.716370
371, 67.137857, 90.398761, 935, 65.178063, 86.735134
372, 90.255596, 6.276912, 309, 86.998849, 9.681881
373, 71.968395, 6.230369, 128, 72.315130, 7.370678
374, 7.384586, 37.305911, 747, 9.384675, 37.454451
375, 41.925713, 37.867854, 618, 47.525506, 38.139832
376, 90.894188, 66.242003, 842, 90.025298, 62.107454
377, 14.811140, 59.566537, 452, 15.888906, 57.370193
378, 9.083675, 58.483669, 573, 14.335538, 57.204118
379, 50.799460, 37.425609, 21, 55.211717, 35.795041
380, 44.140113, 54.239559, 676, 49.432992, 51.377989
381, 83.252473, 46.285165, 866, 82.135322, 41.718950
382, 3.577345, 84.488472, 513, 7.117074, 82.682176
383, 8.322669, 32.153170, 134, 13.056398, 31.074780
384, 98.794603, 54.744772, 308, 95.485418, 48.921113
386, 22.737006, 93.067545, 932, 27.156997, 91.599720
387, 91.820553, 64.742617, 261, 89.763250, 59.603788
388, 79.937512, 5.243046, 636, 77.614822, 10.444882
389, 9.894827, 13.654158, 498, 11.959830, 15.478208
390, 30.028866, 98.402939, 462, 31.503369, 92.174649
391, 73.380058, 34.263156, 38, 70.323284, 34.357377
392, 92.633661, 38.814395, 347, 87.373691, 38.282530
393, 98.503197, 69.000982, 591, 92.091254, 64.053351
394, 19.733582, 47.711933, 569, 25.126483, 47.950135
395, 64.426226, 52.825906, 706, 62.332510, 47.816820
396, 9.934660, 5.407015, 132, 11.601364, 6.972715
397, 20.007288, 76.957226, 738, 23.743133, 75.184045
398, 33.661649, 19.311236, 52, 37.029554, 22.691336
399, 75.041884, 58.187520, 974, 73.924315, 56.272315
400, 18.052399, 23.382318, 125, 20.018438, 23.264857
401, 64.837381, 51.401840, 706, 62.332510, 47.816820
402, 18.251654, 7.980017, 603, 21.356175, 7.110135
403, 62.101408, 89.715036, 42, 63.823682, 83.575577
404, 75.584289, 63.720352, 399, 75.041884, 58.187520
405, 24.595013, 79.597243, 30, 26.684524, 77.712843
406, 8.871229, 11.122415, 363, 10.761748, 11.931839
407, 83.470607, 10.509777, 470, 81.121586, 14.399061
408, 53.693781, 42.568041, 181, 56.383804, 39.206846
409, 7.813708, 67.136554, 642, 9.217716, 65.664136
410, 47.476754, 46.856377, 524, 50.532963, 42.501985
411, 77.711136, 67.303984, 404, 75.584289, 63.720352
412, 5.530519, 34.651889, 237, 7.459553, 33.161183
413, 55.176247, 78.948835, 1, 55.625286, 76.197064
414, 42.067268, 23.192286, 484, 42.852838, 23.773493
415, 15.098266, 33.210526, 136, 18.560277, 31.738956
416, 99.451762, 13.764463, 632, 94.092635, 18.187994
417, 86.099489, 72.077542, 433, 85.191111, 67.633471
418, 84.160202, 76.271996, 252, 81.898063, 74.114741
419, 84.737147, 51.840693, 977, 82.389566, 50.349615
420, 79.995214, 64.518681, 340, 78.860146, 60.711760
421, 46.585394, 91.457879, 296, 48.132776, 87.732847
422, 49.356100, 70.332724, 176, 52.140231, 63.959380
423, 17.274294, 26.348075, 999, 21.772904, 28.234279
424, 13.224978, 9.339012, 883, 15.854413, 11.280873
425, 84.797371, 56.940962, 941, 84.675745, 54.090135
426, 48.026256, 55.901246, 301, 49.678328, 52.829529
427, 92.175267, 60.889949, 261, 89.763250, 59.603788
428, 12.530916, 16.282389, 328, 16.355586, 14.850141
429, 64.256322, 99.487705, 928, 63.604994, 95.445416
430, 15.436128, 34.849779, 783, 19.972460, 35.160924
431, 99.144246, 44.071555, 630, 93.532938, 39.083074
432, 24.863398, 68.602573, 561, 27.602460, 63.673538
433, 85.191111, 67.633471, 901, 84.275744, 63.972882
434, 78.442574, 28.120930, 867, 76.478604, 32.898073
435, 89.787839, 14.835503, 143, 85.597103, 16.153638
436, 84.208484, 3.814705, 664, 82.727822, 6.476737
437, 19.240909, 87.029922, 909, 21.240979, 84.311927
438, 94.168693, 35.270257, 718, 90.338793, 38.681029
439, 20.314746, 92.443921, 182, 22.025325, 92.393709
440, 49.301847, 55.382178, 301, 49.678328, 52.829529
441, 9.909098, 74.647207, 118, 11.366453, 71.122751
442, 9.047834, 51.474801, 758, 13.036691, 49.701420
443, 19.596599, 13.971077, 819, 22.050904, 15.605283
444, 55.542430, 11.172172, 258, 56.424091, 12.439680
445, 79.049226, 87.882604, 152, 78.022953, 82.895659
446, 52.086346, 75.886021, 925, 54.486343, 71.794026
447, 34.502836, 26.171495, 739, 37.321896, 27.213057
448, 26.671458, 24.991421, 88, 31.375606, 26.352500
449, 54.485694, 86.109433, 800, 55.680807, 81.541163
450, 9.867530, 0.843243, 304, 16.779725, 0.796897
451, 57.701270, 29.597931, 857, 63.417025, 29.861635
452, 15.888906, 57.370193, 234, 22.018796, 55.273378
453, 18.360278, 94.929106, 386, 22.737006, 93.067545
454, 15.564765, 56.878552, 234, 22.018796, 55.273378
455, 0.117530, 54.056306, 69, 6.358062, 54.075123
456, 15.001564, 46.159783, 610, 18.338061, 42.095527
457, 88.374307, 29.213512, 167, 85.804908, 31.219471
458, 53.095549, 54.389248, 899, 57.076034, 55.235649
459, 82.439463, 13.039369, 49, 79.689589, 17.502814
461, 84.251492, 7.679355, 2, 82.971534, 11.287931
462, 31.503369, 92.174649, 275, 34.483548, 90.381816
463, 75.348479, 67.549166, 404, 75.584289, 63.720352
464, 35.360676, 37.685307, 874, 38.028140, 37.376552
465, 1.036067, 29.408543, 900, 5.136467, 27.897554
466, 93.272710, 97.970144, 944, 92.200643, 96.128114
467, 96.887664, 43.933594, 630, 93.532938, 39.083074
468, 64.221369, 15.588961, 835, 62.986978, 17.885274
469, 39.994048, 93.501008, 157, 38.630846, 89.062057
470, 81.121586, 14.399061, 49, 79.689589, 17.502814
471, 20.870903, 91.426587, 872, 23.307896, 91.176620
472, 78.348521, 93.407912, 445, 79.049226, 87.882604
473, 11.993162, 87.109723, 264, 17.579794, 84.687705
474, 27.370061, 30.096649, 596, 30.965992, 31.988056
475, 57.673600, 99.088615, 577, 58.543285, 93.798216
476, 46.923002, 29.213350, 54, 53.831107, 28.845813
477, 92.599951, 25.982914, 457, 88.374307, 29.213512
478, 53.535541, 51.040857, 755, 59.302700, 51.518363
479, 30.394485, 37.631042, 464, 35.360676, 37.685307
480, 54.732576, 86.734058, 449, 54.485694, 86.109433
481, 0.116302, 7.197918, 849, 3.467739, 8.760324
482, 63.417691, 74.870048, 711, 65.445583, 71.687853
483, 68.605143, 4.812018, 955, 70.052582, 5.496322
484, 42.852838, 23.773493, 652, 46.111051, 28.697384
485, 30.795906, 96.475535, 462, 31.503369, 92.174649
486, 48.194956, 91.412873, 296, 48.132776, 87.732847
487, 90.912402, 62.414324, 261, 89.763250, 59.603788
488, 10.287986, 98.084901, 611, 14.289946, 94.607932
489, 51.069817, 96.933897, 202, 51.677691, 97.307518
490, 10.531425, 9.233311, 424, 13.224978, 9.339012
491, 90.513753, 2.705420, 938, 88.015884, 5.611922
492, 91.491776, 4.843140, 372, 90.255596, 6.276912
493, 13.115178, 67.289446, 957, 18.397975, 66.844531
494, 22.683293, 82.705194, 405, 24.595013, 79.597243
495, 74.294266, 32.509736, 38, 70.323284, 34.357377
496, 20.281931, 46.768899, 569, 25.126483, 47.950135
497, 58.402429, 9.748410, 317, 61.323187, 12.506286
498, 11.959830, 15.478208, 328, 16.355586, 14.850141
499, 35.671196, 71.628071, 25, 37.537348, 66.709032
500, 14.393910, 56.542218, 45, 17.053847, 53.298860
501, 17.727138, 75.452124, 665, 19.207008, 68.609761
502, 7.037537, 88.465884, 473, 11.993162, 87.109723
503, 28.976340, 55.134377, 537, 31.524701, 53.526406
504, 63.010697, 94.073011, 151, 63.814776, 89.058942
505, 80.600842, 45.811700, 286, 74.788019, 45.322688
506, 23.104340, 87.583096, 494, 22.683293, 82.705194
507, 93.922760, 34.613789, 269, 89.349455, 31.424610
508, 17.021133, 24.472058, 125, 20.018438, 23.264857
509, 19.077941, 8.227575, 603, 21.356175, 7.110135
510, 44.355056, 76.439112, 361, 46.018502, 74.649914
511, 36.645041, 35.453217, 773, 38.973004, 36.584649
512, 62.292334, 25.161398, 349, 66.528009, 29.627129
513, 7.117074, 82.682176, 995, 12.670765, 79.877885
514, 56.599036, 30.577370, 1000, 61.840518, 33.837325
515, 1.393949, 27.787582, 900, 5.136467, 27.897554
516, 22.854137, 75.788223, 738, 23.743133, 75.184045
517, 42.579708, 93.804564, 421, 46.585394, 91.457879
518, 79.284503, 71.578099, 411, 77.711136, 67.303984
519, 35.870328, 16.302242, 733, 41.011645, 17.002490
520, 21.013345, 65.146270, 619, 26.951245, 62.738317
521, 60.230085, 34.262719, 668, 64.925307, 33.562949
522, 43.377168, 29.302282, 476, 46.923002, 29.213350
523, 75.567450, 67.789889, 404, 75.584289, 63.720352
524, 50.532963, 42.501985, 119, 52.699757, 40.105292
525, 83.749056, 88.102766, 654, 83.036687, 85.384959
526, 2.664009, 44.867499, 149, 6.913222, 41.841164
527, 77.951192, 74.272202, 28, 77.298366, 68.902753
528, 33.096926, 0.997620, 89, 37.340906, 1.789435
529, 48.152876, 91.776929, 296, 48.132776, 87.732847
530, 71.355841, 2.968531, 955, 70.052582, 5.496322
531, 80.748874, 77.966553, 527, 77.951192, 74.272202
532, 91.779879, 17.488079, 915, 87.862060, 21.966257
533, 0.626963, 68.939543, 265, 4.738176, 66.032680
534, 76.294553, 18.528003, 6, 73.309944, 25.116827
535, 58.283857, 23.880937, 13, 63.364083, 26.622696
536, 32.686806, 18.197838, 398, 33.661649, 19.311236
537, 31.524701, 53.526406, 9, 37.479469, 51.897117
538, 67.844382, 34.958749, 38, 70.323284, 34.357377
539, 14.996250, 16.881862, 400, 18.052399, 23.382318
540, 34.183434, 60.925647, 926, 41.308881, 59.641103
541, 97.337016, 55.097663, 308, 95.485418, 48.921113
542, 35.926945, 23.937311, 987, 40.604281, 24.182105
543, 87.139977, 84.130224, 860, 84.139433, 82.005888
544, 59.434980, 17.707264, 160, 60.097958, 19.877712
545, 63.736127, 41.411606, 969, 67.802610, 39.419165
546, 31.006503, 30.415156, 81, 35.023378, 32.550134
547, 13.923749, 63.033326, 452, 15.888906, 57.370193
548, 63.165544, 50.209168, 706, 62.332510, 47.816820
549, 79.960549, 61.141166, 674, 78.211361, 57.716370
550, 47.623134, 96.276110, 122, 47.692926, 92.447681
551, 40.616679, 39.097362, 375, 41.925713, 37.867854
552, 20.656969, 12.727619, 881, 23.980412, 15.401850
553, 22.270326, 81.939027, 405, 24.595013, 79.597243
554, 24.362151, 36.102509, 479, 30.394485, 37.631042
555, 75.620856, 25.153378, 6, 73.309944, 25.116827
556, 87.253562, 79.426145, 418, 84.160202, 76.271996
557, 18.285578, 31.763221, 136, 18.560277, 31.738956
558, 88.709691, 17.825474, 915, 87.862060, 21.966257
559, 32.157997, 23.734483, 447, 34.502836, 26.171495
560, 11.132227, 93.127781, 257, 12.742516, 87.756547
561, 27.602460, 63.673538, 161, 31.098103, 60.862234
562, 29.593785, 44.530235, 145, 34.656679, 40.094815
563, 72.063902, 74.950761, 285, 72.394354, 73.106676
564, 10.299903, 27.086244, 508, 17.021133, 24.472058
565, 32.931011, 49.371103, 788, 38.646149, 45.357504
566, 86.097248, 65.722216, 901, 84.275744, 63.972882
567, 52.297083, 83.222859, 989, 52.952233, 80.724490
568, 37.107379, 81.294276, 61, 40.046914, 79.260497
569, 25.126483, 47.950135, 598, 31.211385, 47.737100
570, 60.236739, 73.538093, 84, 60.679570, 71.629574
571, 65.830439, 65.772513, 837, 68.364767, 60.327441
572, 2.977216, 83.612967, 36, 3.737829, 79.333970
573, 14.335538, 57.204118, 454, 15.564765, 56.878552
574, 99.962017, 5.856592, 231, 97.549488, 6.063696
575, 12.816284, 79.332481, 501, 17.727138, 75.452124
576, 49.810183, 21.787029, 146, 54.174103, 25.523717
577, 58.543285, 93.798216, 640, 62.155799, 87.918667
578, 12.094247, 3.631807, 593, 19.081482, 2.945055
579, 2.381593, 88.485966, 65, 2.627364, 82.062484
580, 94.954687, 20.304962, 294, 92.042686, 21.824025
581, 63.129245, 99.424798, 928, 63.604994, 95.445416
582, 65.210767, 35.794001, 538, 67.844382, 34.958749
583, 69.890330, 99.979588, 749, 68.652021, 95.342325
584, 33.336515, 16.063160, 519, 35.870328, 16.302242
585, 74.683454, 68.179177, 404, 75.584289, 63.720352
586, 64.883691, 73.316542, 711, 65.445583, 71.687853
587, 94.031736, 58.634119, 643, 91.895215, 55.030910
588, 1.688914, 22.020903, 769, 6.558937, 19.997968
589, 40.356421, 28.278259, 476, 46.923002, 29.213350
590, 93.424429, 46.529422, 723, 88.566204, 43.957363
591, 92.091254, 64.053351, 261, 89.763250, 59.603788
592, 73.973922, 32.310875, 38, 70.323284, 34.357377
593, 19.081482, 2.945055, 603, 21.356175, 7.110135
594, 97.306670, 44.207051, 630, 93.532938, 39.083074
595, 71.561696, 69.179935, 175, 68.276166, 64.795577
596, 30.965992, 31.988056, 81, 35.023378, 32.550134
597, 78.839662, 10.953805, 988, 78.166553, 13.251636
598, 31.211385, 47.737100, 924, 38.421792, 44.980545
599, 78.980389, 20.114548, 621, 75.480241, 23.043723
600, 89.306995, 68.544312, 566, 86.097248, 65.722216
602, 11.582366, 84.735807, 613, 17.909970, 83.209115
603, 21.356175, 7.110135, 34, 26.130950, 9.266340
604, 34.073568, 57.237209, 9, 37.479469, 51.897117
605, 5.966422, 27.876459, 953, 10.074727, 30.383771
606, 78.876362, 49.372162, 286, 74.788019, 45.322688
607, 8.121197, 38.994227, 31, 12.512725, 38.572446
608, 17.377038, 91.824898, 437, 19.240909, 87.029922
609, 76.145331, 66.432467, 404, 75.584289, 63.720352
610, 18.338061, 42.095527, 678, 19.816208, 39.321372
611, 14.289946, 94.607932, 608, 17.377038, 91.824898
612, 75.787217, 81.235591, 968, 75.274879, 77.430677
613, 17.909970, 83.209115, 553, 22.270326, 81.939027
614, 93.794505, 1.571311, 372, 90.255596, 6.276912
615, 20.825449, 51.225456, 569, 25.126483, 47.950135
616, 28.512128, 3.583095, 716, 33.199650, 8.908710
617, 97.871554, 46.089668, 648, 93.175153, 43.761655
618, 47.525506, 38.139832, 871, 51.977462, 36.678853
619, 26.951245, 62.738317, 161, 31.098103, 60.862234
620, 4.087250, 46.067586, 149, 6.913222, 41.841164
621, 75.480241, 23.043723, 6, 73.309944, 25.116827
622, 24.551316, 29.386703, 474, 27.370061, 30.096649
623, 90.473480, 88.187060, 76, 89.895261, 87.618712
624, 46.039243, 21.648608, 576, 49.810183, 21.787029
625, 72.213803, 52.406788, 727, 71.021877, 49.012499
626, 5.883777, 90.399213, 473, 11.993162, 87.109723
627, 1.179370, 85.621261, 36, 3.737829, 79.333970
628, 40.025693, 94.249209, 157, 38.630846, 89.062057
629, 99.512944, 15.584106, 632, 94.092635, 18.187994
630, 93.532938, 39.083074, 347, 87.373691, 38.282530
631, 72.413572, 99.861629, 337, 73.678863, 97.316484
632, 94.092635, 18.187994, 171, 89.928901, 20.569846
633, 27.750030, 42.708072, 262, 30.754444, 41.134882
634, 39.459881, 26.004086, 522, 43.377168, 29.302282
635, 23.850481, 32.577112, 474, 27.370061, 30.096649
636, 77.614822, 10.444882, 988, 78.166553, 13.251636
637, 6.758836, 8.770570, 490, 10.531425, 9.233311
638, 49.571355, 16.732507, 289, 54.438844, 20.493986
639, 8.749631, 5.161961, 132, 11.601364, 6.972715
640, 62.155799, 87.918667, 42, 63.823682, 83.575577
641, 31.666528, 32.882338, 81, 35.023378, 32.550134
642, 9.217716, 65.664136, 201, 11.429702, 61.845512
643, 91.895215, 55.030910, 941, 84.675745, 54.090135
644, 13.852555, 91.071382, 791, 13.824399, 85.904907
645, 99.785865, 41.899507, 630, 93.532938, 39.083074
646, 84.509657, 43.433184, 866, 82.135322, 41.718950
647, 68.745518, 75.145563, 241, 66.341230, 71.557441
648, 93.175153, 43.761655, 718, 90.338793, 38.681029
649, 57.194093, 69.132120, 796, 60.445685, 64.472737
650, 28.826368, 25.980985, 88, 31.375606, 26.352500
651, 60.700195, 7.954314, 240, 61.645939, 11.049465
652, 46.111051, 28.697384, 943, 49.095628, 29.284833
653, 23.678735, 95.801699, 298, 24.506742, 93.506386
654, 83.036687, 85.384959, 774, 83.591221, 82.820428
655, 27.998568, 2.626686, 716, 33.199650, 8.908710
656, 87.412448, 44.876344, 646, 84.509657, 43.433184
657, 10.642195, 12.197296, 220, 15.225430, 11.911340
658, 15.229300, 22.822275, 125, 20.018438, 23.264857
659, 72.078198, 80.984874, 767, 71.925061, 76.610870
660, 5.815799, 35.579347, 747, 9.384675, 37.454451
661, 1.947201, 87.180550, 65, 2.627364, 82.062484
662, 32.154497, 18.144344, 398, 33.661649, 19.311236
663, 68.116381, 58.776045, 123, 69.385774, 56.290135
664, 82.727822, 6.476737, 40, 81.226066, 11.461124
665, 19.207008, 68.609761, 886, 24.810997, 65.980014
666, 91.799710, 77.903444, 766, 89.074220, 76.313112
667, 51.334364, 99.259538, 202, 51.677691, 97.307518
668, 64.925307, 33.562949, 958, 68.068700, 33.665464
669, 31.028414, 22.948850, 447, 34.502836, 26.171495
670, 53.873021, 75.945633, 279, 57.576772, 71.541801
671, 94.026141, 86.644601, 905, 90.393066, 81.895579
672, 74.441352, 74.696752, 5, 75.763147, 72.501346
673, 11.324912, 50.269692, 758, 13.036691, 49.701420
674, 78.211361, 57.716370, 993, 78.302126, 52.912782
675, 86.660255, 29.205866, 156, 83.148244, 32.493601
676, 49.432992, 51.377989, 790, 51.714503, 47.394050
677, 84.385814, 4.379874, 664, 82.727822, 6.476737
678, 19.816208, 39.321372, 831, 26.031468, 39.072521
679, 41.134365, 86.400647, 752, 42.304216, 81.776107
680, 54.735988, 81.605372, 66, 56.221736, 77.543956
681, 48.415173, 65.221055, 176, 52.140231, 63.959380
682, 85.548459, 24.440363, 775, 80.488028, 26.678660
683, 56.308222, 99.562672, 577, 58.543285, 93.798216
684, 85.148107, 49.470525, 311, 83.103025, 48.106064
685, 43.873113, 63.885726, 176, 52.140231, 63.959380
686, 34.837025, 83.712269, 155, 39.608795, 80.156512
687, 39.970154, 23.217490, 67, 41.836449, 24.689780
688, 32.178246, 83.898646, 798, 35.913574, 81.409028
689, 19.937912, 12.963769, 881, 23.980412, 15.401850
690, 42.982068, 68.014366, 681, 48.415173, 65.221055
691, 88.334009, 97.248074, 940, 85.551192, 92.273977
692, 59.888813, 38.465177, 907, 63.617971, 35.868627
693, 79.113695, 1.102325, 187, 78.477836, 5.335930
694, 4.603977, 60.353654, 378, 9.083675, 58.483669
695, 87.693148, 65.699452, 901, 84.275744, 63.972882
696, 20.378294, 0.233363, 616, 28.512128, 3.583095
697, 2.166802, 58.792122, 885, 6.444534, 56.132716
698, 87.751729, 16.238458, 143, 85.597103, 16.153638
699, 77.419748, 11.340351, 988, 78.166553, 13.251636
700, 84.678201, 11.830810, 459, 82.439463, 13.039369
701, 94.141896, 78.271993, 841, 91.919910, 74.562610
702, 52.906710, 79.479259, 1, 55.625286, 76.197064
703, 7.973675, 5.334470, 336, 10.904032, 8.021035
704, 2.379668, 4.229214, 4, 5.285061, 5.981703
705, 12.707064, 18.047580, 658, 15.229300, 22.822275
706, 62.332510, 47.816820, 545, 63.736127, 41.411606
707, 5.562700, 48.376396, 15, 6.987925, 49.139275
708, 23.454434, 79.082892, 30, 26.684524, 77.712843
709, 55.087783, 37.964522, 283, 59.568454, 35.215494
710, 49.495085, 35.023964, 21, 55.211717, 35.795041
711, 65.445583, 71.687853, 239, 65.389026, 67.356770
712, 98.724310, 17.044640, 632, 94.092635, 18.187994
713, 3.234221, 17.496115, 834, 10.390657, 19.013102
714, 5.789977, 26.435923, 564, 10.299903, 27.086244
715, 96.703627, 98.722283, 43, 93.577641, 96.554965
716, 33.199650, 8.908710, 268, 37.045572, 12.203725
717, 53.242301, 85.810656, 680, 54.735988, 81.605372
718, 90.338793, 38.681029, 347, 87.373691, 38.282530
719, 82.519924, 26.821254, 434, 78.442574, 28.120930
720, 29.845853, 78.661151, 140, 32.439850, 75.955029
721, 61.909858, 20.750678, 13, 63.364083, 26.622696
722, 90.017338, 98.897376, 691, 88.334009, 97.248074
723, 88.566204, 43.957363, 646, 84.509657, 43.433184
724, 7.843043, 20.956360, 834, 10.390657, 19.013102
725, 62.867034, 91.738151, 151, 63.814776, 89.058942
726, 92.654580, 10.879532, 435, 89.787839, 14.835503
727, 71.021877, 49.012499, 169, 72.665332, 41.848893
728, 45.366840, 5.378775, 344, 47.140308, 9.138447
729, 82.398942, 35.744658, 71, 78.113719, 34.780531
730, 14.700415, 22.612033, 125, 20.018438, 23.264857
731, 28.079282, 78.440733, 794, 30.769947, 73.933444
732, 73.061679, 38.889775, 38, 70.323284, 34.357377
733, 41.011645, 17.002490, 908, 45.885169, 17.709172
734, 40.637432, 73.126647, 690, 42.982068, 68.014366
735, 91.266880, 3.609182, 372, 90.255596, 6.276912
736, 75.569637, 51.821696, 727, 71.021877, 49.012499
737, 48.694034, 37.100576, 871, 51.977462, 36.678853
738, 23.743133, 75.184045, 911, 25.844337, 68.883391
739, 37.321896, 27.213057, 589, 40.356421, 28.278259
740, 87.887959, 10.283266, 700, 84.678201, 11.830810
741, 85.187365, 37.563973, 729, 82.398942, 35.744658
742, 9.542508, 70.401625, 493, 13.115178, 67.289446
743, 22.326311, 59.307781, 195, 28.001628, 59.214217
744, 74.483228, 90.403402, 824, 74.927749, 88.516346
745, 43.828979, 8.700934, 23, 48.363578, 13.560036
746, 86.534399, 46.148307, 646, 84.509657, 43.433184
747, 9.384675, 37.454451, 203, 14.187936, 37.497565
748, 79.020237, 49.877932, 286, 74.788019, 45.322688
749, 68.652021, 95.342325, 371, 67.137857, 90.398761
750, 67.749538, 50.372481, 79, 70.434963, 48.032719
751, 32.492322, 69.855375, 25, 37.537348, 66.709032
752, 42.304216, 81.776107, 83, 45.930664, 77.541314
753, 0.817441, 30.549890, 900, 5.136467, 27.897554
754, 0.819112, 69.182617, 265, 4.738176, 66.032680
755, 59.302700, 51.518363, 706, 62.332510, 47.816820
756, 4.282695, 48.115577, 15, 6.987925, 49.139275
757, 9.730671, 69.528319, 850, 16.775837, 68.364877
758, 13.036691, 49.701420, 829, 17.303769, 49.168198
759, 64.433888, 64.538221, 72, 66.709089, 60.773055
760, 76.264865, 83.979708, 612, 75.787217, 81.235591
761, 87.057479, 65.136481, 901, 84.275744, 63.972882
762, 51.656955, 46.745052, 142, 54.084073, 43.309137
763, 97.550707, 25.994635, 477, 92.599951, 25.982914
764, 64.983192, 79.026313, 78, 64.735721, 75.651552
765, 35.906060, 13.950503, 956, 40.751040, 16.257638
766, 89.074220, 76.313112, 960, 87.212402, 72.216256
767, 71.925061, 76.610870, 285, 72.394354, 73.106676
768, 53.960228, 8.456122, 258, 56.424091, 12.439680
769, 6.558937, 19.997968, 834, 10.390657, 19.013102
770, 97.406693, 30.634860, 945, 90.791840, 31.400143
771, 0.610969, 54.016152, 69, 6.358062, 54.075123
772, 99.345317, 91.005238, 880, 97.025090, 82.710044
773, 38.973004, 36.584649, 375, 41.925713, 37.867854
774, 83.591221, 82.820428, 531, 80.748874, 77.966553
775, 80.488028, 26.678660, 434, 78.442574, 28.120930
776, 86.374871, 96.131098, 940, 85.551192, 92.273977
777, 85.629445, 89.455492, 654, 83.036687, 85.384959
778, 92.232355, 91.705983, 76, 89.895261, 87.618712
779, 85.091363, 74.375173, 417, 86.099489, 72.077542
780, 88.387228, 82.509878, 556, 87.253562, 79.426145
781, 1.361244, 45.718303, 526, 2.664009, 44.867499
782, 21.922093, 64.768203, 619, 26.951245, 62.738317
783, 19.972460, 35.160924, 554, 24.362151, 36.102509
784, 95.792153, 3.766970, 372, 90.255596, 6.276912
785, 38.470195, 44.384961, 854, 44.362951, 43.161386
786, 91.892466, 47.670242, 656, 87.412448, 44.876344
787, 74.982801, 81.936076, 968, 75.274879, 77.430677
788, 38.646149, 45.357504, 854, 44.362951, 43.161386
789, 95.632641, 23.506778, 477, 92.599951, 25.982914
790, 51.714503, 47.394050, 142, 54.084073, 43.309137
791, 13.824399, 85.904907, 109, 19.572124, 83.498670
792, 39.696930, 63.344003, 852, 43.136068, 59.039808
793, 87.150811, 89.585861, 543, 87.139977, 84.130224
794, 30.769947, 73.933444, 891, 35.737510, 70.158058
795, 70.213953, 37.348618, 38, 70.323284, 34.357377
796, 60.445685, 64.472737, 235, 61.138906, 59.924635
797, 67.198206, 7.050024, 250, 69.924443, 11.686800
798, 35.913574, 81.409028, 61, 40.046914, 79.260497
799, 47.274535, 6.124408, 919, 54.028157, 9.234116
800, 55.680807, 81.541163, 66, 56.221736, 77.543956
801, 35.274946, 95.853327, 275, 34.483548, 90.381816
802, 50.755528, 58.563573, 906, 55.623418, 57.890955
803, 94.702780, 19.888954, 171, 89.928901, 20.569846
804, 23.850530, 55.314942, 503, 28.976340, 55.134377
805, 69.854081, 33.691680, 38, 70.323284, 34.357377
806, 58.766151, 15.341299, 160, 60.097958, 19.877712
807, 52.339618, 17.765661, 104, 57.432431, 21.376814
808, 28.391157, 92.798167, 884, 31.526801, 87.189646
809, 68.000794, 76.187743, 241, 66.341230, 71.557441
810, 63.985610, 75.602286, 711, 65.445583, 71.687853
811, 29.375882, 49.549757, 598, 31.211385, 47.737100
812, 67.993323, 15.738644, 271, 67.602803, 17.787029
813, 88.733734, 63.095239, 261, 89.763250, 59.603788
814, 91.068354, 77.209980, 766, 89.074220, 76.313112
815, 89.773265, 71.393851, 600, 89.306995, 68.544312
817, 73.209384, 63.600732, 399, 75.041884, 58.187520
818, 81.122889, 46.663062, 505, 80.600842, 45.811700
819, 22.050904, 15.605283, 120, 26.391555, 18.739038
820, 15.180777, 43.266915, 678, 19.816208, 39.321372
821, 95.641362, 80.324112, 841, 91.919910, 74.562610
822, 80.105781, 88.275672, 357, 79.634701, 85.190857
823, 21.611602, 90.913968, 872, 23.307896, 91.176620
824, 74.927749, 88.516346, 760, 76.264865, 83.979708
825, 8.299248, 66.915277, 642, 9.217716, 65.664136
826, 8.376260, 71.286968, 118, 11.366453, 71.122751
827, 36.783054, 74.744460, 734, 40.637432, 73.126647
828, 94.441589, 25.460629, 477, 92.599951, 25.982914
829, 17.303769, 49.168198, 68, 23.350988, 48.034276
830, 81.746902, 95.401453, 822, 80.105781, 88.275672
831, 26.031468, 39.072521, 848, 30.418919, 38.771543
832, 0.627442, 29.990175, 900, 5.136467, 27.897554
833, 65.543604, 79.250796, 78, 64.735721, 75.651552
834, 10.390657, 19.013102, 658, 15.229300, 22.822275
835, 62.986978, 17.885274, 984, 65.666319, 23.322763
836, 81.955532, 20.061890, 973, 79.728075, 21.980580
837, 68.364767, 60.327441, 123, 69.385774, 56.290135
838, 30.184450, 15.393416, 519, 35.870328, 16.302242
839, 70.792828, 84.455760, 659, 72.078198, 80.984874
840, 66.049576, 57.176647, 19, 67.057447, 54.298524
841, 91.919910, 74.562610, 815, 89.773265, 71.393851
842, 90.025298, 62.107454, 261, 89.763250, 59.603788
843, 32.322905, 82.168591, 798, 35.913574, 81.409028
844, 33.300032, 60.506492, 348, 36.206471, 53.852704
845, 76.038793, 71.455244, 523, 75.567450, 67.789889
846, 89.826647, 96.025604, 893, 90.005614, 91.589141
847, 67.620077, 73.893285, 241, 66.341230, 71.557441
848, 30.418919, 38.771543, 464, 35.360676, 37.685307
849, 3.467739, 8.760324, 406, 8.871229, 11.122415
850, 16.775837, 68.364877, 782, 21.922093, 64.768203
851, 96.847927, 17.188173, 632, 94.092635, 18.187994
852, 43.136068, 59.039808, 426, 48.026256, 55.901246
853, 79.094989, 33.100775, 867, 76.478604, 32.898073
854, 44.362951, 43.161386, 618, 47.525506, 38.139832
855, 71.850857, 50.909286, 727, 71.021877, 49.012499
856, 16.052289, 41.381173, 678, 19.816208, 39.321372
857, 63.417025, 29.861635, 958, 68.068700, 33.665464
858, 6.919334, 24.384565, 564, 10.299903, 27.086244
859, 50.551780, 28.008963, 514, 56.599036, 30.577370
860, 84.139433, 82.005888, 531, 80.748874, 77.966553
862, 62.656819, 77.387982, 810, 63.985610, 75.602286
864, 92.989507, 16.243076, 532, 91.779879, 17.488079
865, 83.311528, 92.455956, 822, 80.105781, 88.275672
866, 82.135322, 41.718950, 964, 78.240196, 38.635501
867, 76.478604, 32.898073, 391, 73.380058, 34.263156
868, 69.746419, 57.083598, 888, 70.104215, 51.823718
869, 79.955212, 2.086353, 187, 78.477836, 5.335930
870, 89.925572, 43.894578, 646, 84.509657, 43.433184
871, 51.977462, 36.678853, 21, 55.211717, 35.795041
872, 23.307896, 91.176620, 73, 27.866640, 91.282930
873, 0.468698, 27.363746, 900, 5.136467, 27.897554
874, 38.028140, 37.376552, 375, 41.925713, 37.867854
875, 55.001361, 91.178485, 449, 54.485694, 86.109433
876, 43.997134, 7.217912, 23, 48.363578, 13.560036
877, 60.614992, 10.462421, 129, 62.515943, 15.320337
878, 9.338106, 66.465199, 201, 11.429702, 61.845512
879, 43.595280, 66.006020, 681, 48.415173, 65.221055
880, 97.025090, 82.710044, 701, 94.141896, 78.271993
881, 23.980412, 15.401850, 206, 28.713703, 15.483131
882, 66.173792, 71.513267, 571, 65.830439, 65.772513
883, 15.854413, 11.280873, 443, 19.596599, 13.971077
884, 31.526801, 87.189646, 686, 34.837025, 83.712269
885, 6.444534, 56.132716, 80, 9.409109, 55.042372
886, 24.810997, 65.980014, 561, 27.602460, 63.673538
887, 43.693734, 43.650723, 854, 44.362951, 43.161386
888, 70.104215, 51.823718, 727, 71.021877, 49.012499
889, 90.880522, 66.974233, 376, 90.894188, 66.242003
890, 6.624268, 36.333179, 747, 9.384675, 37.454451
891, 35.737510, 70.158058, 25, 37.537348, 66.709032
892, 26.952537, 22.170587, 559, 32.157997, 23.734483
893, 90.005614, 91.589141, 135, 88.712192, 87.935423
894, 12.525561, 75.380842, 501, 17.727138, 75.452124
895, 74.276114, 2.290725, 128, 72.315130, 7.370678
896, 96.914385, 37.830939, 718, 90.338793, 38.681029
897, 6.179191, 74.365540, 118, 11.366453, 71.122751
898, 62.368656, 51.861280, 706, 62.332510, 47.816820
899, 57.076034, 55.235649, 755, 59.302700, 51.518363
900, 5.136467, 27.897554, 953, 10.074727, 30.383771
901, 84.275744, 63.972882, 903, 80.596005, 61.585463
902, 73.614505, 68.552926, 817, 73.209384, 63.600732
903, 80.596005, 61.585463, 674, 78.211361, 57.716370
904, 56.159621, 43.564806, 181, 56.383804, 39.206846
905, 90.393066, 81.895579, 163, 88.698479, 78.890115
906, 55.623418, 57.890955, 899, 57.076034, 55.235649
907, 63.617971, 35.868627, 538, 67.844382, 34.958749
908, 45.885169, 17.709172, 291, 49.271562, 20.953961
909, 21.240979, 84.311927, 494, 22.683293, 82.705194
910, 99.729855, 97.641523, 242, 95.225090, 89.592638
911, 25.844337, 68.883391, 561, 27.602460, 63.673538
912, 22.474178, 51.708653, 811, 29.375882, 49.549757
913, 93.342033, 97.352535, 944, 92.200643, 96.128114
914, 32.863190, 9.462062, 268, 37.045572, 12.203725
915, 87.862060, 21.966257, 682, 85.548459, 24.440363
916, 32.708619, 8.611703, 268, 37.045572, 12.203725
917, 45.036906, 7.789950, 23, 48.363578, 13.560036
918, 50.270500, 56.310240, 458, 53.095549, 54.389248
919, 54.028157, 9.234116, 258, 56.424091, 12.439680
920, 51.101260, 34.626384, 21, 55.211717, 35.795041
921, 6.613135, 54.193243, 80, 9.409109, 55.042372
922, 60.038763, 33.461463, 668, 64.925307, 33.562949
923, 61.550040, 62.068950, 235, 61.138906, 59.924635
924, 38.421792, 44.980545, 887, 43.693734, 43.650723
925, 54.486343, 71.794026, 649, 57.194093, 69.132120
926, 41.308881, 59.641103, 380, 44.140113, 54.239559
927, 0.831057, 65.426717, 314, 5.329931, 60.208955
928, 63.604994, 95.445416, 151, 63.814776, 89.058942
929, 73.479848, 34.402689, 38, 70.323284, 34.357377
930, 79.108267, 94.622999, 445, 79.049226, 87.882604
931, 46.192334, 74.904485, 422, 49.356100, 70.332724
932, 27.156997, 91.599720, 884, 31.526801, 87.189646
933, 22.897374, 22.021664, 448, 26.671458, 24.991421
934, 88.395608, 63.321503, 261, 89.763250, 59.603788
935, 65.178063, 86.735134, 42, 63.823682, 83.575577
937, 38.353071, 40.575709, 375, 41.925713, 37.867854
938, 88.015884, 5.611922, 309, 86.998849, 9.681881
939, 38.512975, 79.730075, 61, 40.046914, 79.260497
940, 85.551192, 92.273977, 525, 83.749056, 88.102766
941, 84.675745, 54.090135, 748, 79.020237, 49.877932
942, 41.867246, 83.945491, 752, 42.304216, 81.776107
943, 49.095628, 29.284833, 54, 53.831107, 28.845813
944, 92.200643, 96.128114, 893, 90.005614, 91.589141
945, 90.791840, 31.400143, 126, 88.762158, 32.062932
946, 41.960633, 15.250361, 908, 45.885169, 17.709172
947, 68.237085, 19.163418, 984, 65.666319, 23.322763
948, 16.511394, 12.709985, 819, 22.050904, 15.605283
950, 58.840556, 17.022255, 160, 60.097958, 19.877712
951, 79.960410, 36.723644, 71, 78.113719, 34.780531
952, 84.424617, 74.835529, 252, 81.898063, 74.114741
953, 10.074727, 30.383771, 290, 14.993747, 31.683872
954, 46.018550, 46.163808, 524, 50.532963, 42.501985
955, 70.052582, 5.496322, 250, 69.924443, 11.686800
956, 40.751040, 16.257638, 908, 45.885169, 17.709172
957, 18.397975, 66.844531, 782, 21.922093, 64.768203
958, 68.068700, 33.665464, 38, 70.323284, 34.357377
959, 47.631641, 84.327797, 313, 49.294641, 79.212497
960, 87.212402, 72.216256, 433, 85.191111, 67.633471
961, 28.762498, 96.996427, 462, 31.503369, 92.174649
962, 60.069123, 55.659787, 898, 62.368656, 51.861280
963, 42.092158, 40.807159, 375, 41.925713, 37.867854
964, 78.240196, 38.635501, 732, 73.061679, 38.889775
965, 55.278941, 19.732456, 104, 57.432431, 21.376814
966, 1.849735, 43.975946, 149, 6.913222, 41.841164
967, 33.174994, 28.841183, 739, 37.321896, 27.213057
968, 75.274879, 77.430677, 51, 76.656352, 73.780346
969, 67.802610, 39.419165, 38, 70.323284, 34.357377
970, 45.347218, 99.491890, 122, 47.692926, 92.447681
971, 4.982342, 48.520077, 15, 6.987925, 49.139275
972, 79.974375, 47.261757, 286, 74.788019, 45.322688
973, 79.728075, 21.980580, 6, 73.309944, 25.116827
974, 73.924315, 56.272315, 855, 71.850857, 50.909286
975, 78.080486, 47.936512, 286, 74.788019, 45.322688
976, 8.144913, 68.021341, 493, 13.115178, 67.289446
977, 82.389566, 50.349615, 975, 78.080486, 47.936512
978, 54.420883, 63.042045, 994, 56.934845, 57.326183
979, 36.474673, 98.018863, 469, 39.994048, 93.501008
980, 63.075814, 77.894082, 810, 63.985610, 75.602286
981, 36.392044, 7.386791, 876, 43.997134, 7.217912
982, 8.088151, 71.474993, 118, 11.366453, 71.122751
983, 4.984690, 2.343622, 703, 7.973675, 5.334470
984, 65.666319, 23.322763, 349, 66.528009, 29.627129
985, 93.629626, 72.110695, 889, 90.880522, 66.974233
986, 92.784962, 87.062714, 905, 90.393066, 81.895579
987, 40.604281, 24.182105, 67, 41.836449, 24.689780
988, 78.166553, 13.251636, 534, 76.294553, 18.528003
989, 52.952233, 80.724490, 1, 55.625286, 76.197064
990, 95.627588, 67.707874, 591, 92.091254, 64.053351
991, 72.924969, 76.571044, 285, 72.394354, 73.106676
992, 92.148691, 30.835330, 126, 88.762158, 32.062932
993, 78.302126, 52.912782, 975, 78.080486, 47.936512
994, 56.934845, 57.326183, 755, 59.302700, 51.518363
995, 12.670765, 79.877885, 293, 15.004936, 78.546064
996, 53.588565, 85.645957, 680, 54.735988, 81.605372
997, 50.169449, 70.737588, 176, 52.140231, 63.959380
998, 19.585230, 6.134334, 603, 21.356175, 7.110135
999, 21.772904, 28.234279, 474, 27.370061, 30.096649
1000, 61.840518, 33.837325, 668, 64.925307, 33.562949
