0.000000, 30.000000, 40.000000, 4.712389, 0.000000, 0.000000, 0.000000, 1.570796
1.000000, 30.000000, 40.000000, 5.497787, 0.000000, 1.570796, 0.000000, 0.000000
3.044340, 30.000000, 40.000000, 2.425843, 0.000000, 1.570796, 0.000000, -1.570796
4.044340, 30.000000, 40.000000, 3.211241, 0.000000, 0.000000, 2.000000, 0.000000
5.625478, 27.506061, 39.826020, 3.211241, 3.162278, 0.000000, -2.000000, 0.000000
7.206617, 25.012122, 39.652039, 3.211241, 0.000000, 0.000000, 0.000000, 1.570796
8.206617, 25.012122, 39.652039, 3.996639, 0.000000, 1.570796, 0.000000, 0.000000
11.124930, 25.012122, 39.652039, 2.297529, 0.000000, 1.570796, 0.000000, -1.570796
12.124930, 25.012122, 39.652039, 3.082927, 0.000000, 0.000000, 2.000000, 0.000000
13.706069, 22.516423, 39.798619, 3.082927, 3.162278, 0.000000, -2.000000, 0.000000
15.287208, 20.020724, 39.945199, 3.082927, 0.000000, 0.000000, 0.000000, 1.570796
15.928713, 20.020724, 39.945199, 3.406142, 0.000000, 1.007675, 0.000000, -1.570796
16.570219, 20.020724, 39.945199, 3.729356, 0.000000, 0.000000, 2.000000, 0.000000
18.151358, 17.940266, 38.558947, 3.729356, 3.162278, 0.000000, -2.000000, 0.000000
19.732496, 15.859809, 37.172694, 3.729356, 0.000000, 0.000000, 0.000000, 1.570796
20.642122, 15.859809, 37.172694, 4.379209, 0.000000, 1.428837, 0.000000, -1.570796
21.551748, 15.859809, 37.172694, 5.029063, 0.000000, 0.000000, 2.000000, 0.000000
23.132887, 16.638327, 34.797003, 5.029063, 3.162278, 0.000000, -2.000000, 0.000000
24.714026, 17.416846, 32.421311, 5.029063, 0.000000, 0.000000, 0.000000, 1.570796
25.714026, 17.416846, 32.421311, 5.814461, 0.000000, 1.570796, 0.000000, 0.000000
27.870551, 17.416846, 32.421311, 2.918738, 0.000000, 1.570796, 0.000000, -1.570796
28.870551, 17.416846, 32.421311, 3.704136, 0.000000, 0.000000, 2.000000, 0.000000
30.451690, 15.302093, 31.087963, 3.704136, 3.162277, 0.000000, -2.000000, 0.000000
32.032829, 13.187340, 29.754614, 3.704136, 0.000000, 0.000000, 0.000000, 1.570796
32.291940, 13.187340, 29.754614, 3.756867, 0.000000, 0.407011, 0.000000, -1.570796
32.551051, 13.187340, 29.754614, 3.809597, 0.000000, 0.000000, 2.000000, 0.000000
34.132190, 11.224691, 28.206063, 3.809597, 3.162278, 0.000000, -2.000000, 0.000000
35.713329, 9.262042, 26.657512, 3.809597, 0.000000, 0.000000, 0.000000, 1.570796
36.320773, 9.262042, 26.657512, 4.099400, 0.000000, 0.954171, 0.000000, -1.570796
36.928216, 9.262042, 26.657512, 4.389202, 0.000000, 0.000000, 2.000000, 0.000000
38.509355, 8.468066, 24.286942, 4.389202, 3.162278, 0.000000, -2.000000, 0.000000
40.090494, 7.674091, 21.916371, 4.389202, 0.000000, 0.000000, 0.000000, 1.570796
41.090494, 7.674091, 21.916371, 5.174600, 0.000000, 1.570796, 0.000000, 0.000000
43.121861, 7.674091, 21.916371, 2.082279, 0.000000, 1.570796, 0.000000, -1.570796
44.121861, 7.674091, 21.916371, 2.867677, 0.000000, 0.000000, 2.000000, 0.000000
45.703000, 5.267293, 22.592629, 2.867677, 3.162278, 0.000000, -2.000000, 0.000000
47.284139, 2.860495, 23.268886, 2.867677, 0.000000, 0.000000, 0.000000, 1.570796
47.838880, 2.860495, 23.268886, 3.109374, 0.000000, 0.871385, 0.000000, -1.570796
48.393621, 2.860495, 23.268886, 3.351070, 0.000000, 0.000000, 2.000000, 0.000000
49.974760, 0.415146, 22.749013, 3.351070, 3.162278, 0.000000, -2.000000, 0.000000
51.555899, -2.030203, 22.229141, 3.351070, 0.000000, 0.000000, 0.000000, 1.570796
51.895220, -2.030203, 22.229141, 3.441500, 0.000000, 0.533005, 0.000000, -1.570796
52.234541, -2.030203, 22.229141, 3.531930, 0.000000, 0.000000, 2.000000, 0.000000
53.815680, -4.342155, 21.277890, 3.531930, 3.162278, 0.000000, -2.000000, 0.000000
55.396819, -6.654107, 20.326640, 3.531930, 0.000000, 0.000000, 0.000000, 1.570796
56.153643, -6.654107, 20.326640, 3.981792, 0.000000, 1.188816, 0.000000, -1.570796
56.910466, -6.654107, 20.326640, 4.431654, 0.000000, 0.000000, 2.000000, 0.000000
58.491605, -7.346761, 17.924509, 4.431654, 3.162278, 0.000000, -2.000000, 0.000000
60.072744, -8.039415, 15.522379, 4.431654, 0.000000, 0.000000, 0.000000, 1.570796
61.072744, -8.039415, 15.522379, 5.217052, 0.000000, 1.570796, 0.000000, 0.000000
61.301394, -8.039415, 15.522379, 5.576215, 0.000000, 1.570796, 0.000000, -1.570796
62.301394, -8.039415, 15.522379, 0.078428, 0.000000, 0.000000, 2.000000, 0.000000
63.643992, -6.242388, 15.663606, 0.078428, 2.685195, 0.000000, -2.000000, 0.000000
64.986589, -4.445361, 15.804833, 0.078428, 0.000000, 0.000000, 0.000000, 1.570796
65.986589, -4.445361, 15.804833, 0.863826, 0.000000, 1.570796, 0.000000, 0.000000
67.942762, -4.445361, 15.804833, 3.936575, 0.000000, 1.570796, 0.000000, -1.570796
68.942762, -4.445361, 15.804833, 4.721973, 0.000000, 0.000000, 2.000000, 0.000000
70.523901, -4.421401, 13.304948, 4.721973, 3.162278, 0.000000, -2.000000, 0.000000
72.105039, -4.397441, 10.805063, 4.721973, 0.000000, 0.000000, 0.000000, 1.570796
72.450715, -4.397441, 10.805063, 4.815822, 0.000000, 0.542986, 0.000000, -1.570796
72.796391, -4.397441, 10.805063, 4.909670, 0.000000, 0.000000, 2.000000, 0.000000
74.377530, -3.907430, 8.353555, 4.909670, 3.162278, 0.000000, -2.000000, 0.000000
75.958669, -3.417419, 5.902047, 4.909670, 0.000000, 0.000000, 0.000000, 1.570796
76.551366, -3.417419, 5.902047, 5.185572, 0.000000, 0.931007, 0.000000, -1.570796
77.144063, -3.417419, 5.902047, 5.461475, 0.000000, 0.000000, 2.000000, 0.000000
78.725202, -1.714994, 4.071269, 5.461475, 3.162278, 0.000000, -2.000000, 0.000000
80.306341, -0.012569, 2.240491, 5.461475, 0.000000, 0.000000, 0.000000, 1.570796
81.306341, -0.012569, 2.240491, 6.246873, 0.000000, 1.570796, 0.000000, 0.000000
84.118313, -0.012569, 2.240491, 4.380724, 0.000000, 1.570796, 0.000000, -1.570796
85.118313, -0.012569, 2.240491, 5.166122, 0.000000, 0.000000, 2.000000, 0.000000
86.699452, 1.083240, -0.006552, 5.166122, 3.162278, 0.000000, -2.000000, 0.000000
88.280591, 2.179049, -2.253595, 5.166122, 0.000000, 0.000000, 0.000000, 1.570796
89.280591, 2.179049, -2.253595, 5.951520, 0.000000, 1.570796, 0.000000, 0.000000
91.230058, 2.179049, -2.253595, 2.730552, 0.000000, 1.570796, 0.000000, -1.570796
92.230058, 2.179049, -2.253595, 3.515950, 0.000000, 0.000000, 2.000000, 0.000000
93.811197, -0.147808, -3.167781, 3.515950, 3.162278, 0.000000, -2.000000, 0.000000
95.392336, -2.474665, -4.081968, 3.515950, 0.000000, 0.000000, 0.000000, 1.570796
96.392336, -2.474665, -4.081968, 4.301348, 0.000000, 1.570796, 0.000000, 0.000000
99.032612, -2.474665, -4.081968, 2.165499, 0.000000, 1.570796, 0.000000, -1.570796
100.032612, -2.474665, -4.081968, 2.950897, 0.000000, 0.000000, 2.000000, 0.000000
101.613751, -4.929346, -3.608112, 2.950897, 3.162278, 0.000000, -2.000000, 0.000000
103.194890, -7.384028, -3.134256, 2.950897, 0.000000, 0.000000, 0.000000, 1.570796
103.862598, -7.384028, -3.134256, 3.301054, 0.000000, 1.048834, 0.000000, -1.570796
104.530307, -7.384028, -3.134256, 3.651212, 0.000000, 0.000000, 2.000000, 0.000000
106.111445, -9.566353, -4.353868, 3.651212, 3.162278, 0.000000, -2.000000, 0.000000
107.692584, -11.748679, -5.573481, 3.651212, 0.000000, 0.000000, 0.000000, 1.570796
108.326182, -11.748679, -5.573481, 3.966508, 0.000000, 0.995254, 0.000000, -1.570796
108.959781, -11.748679, -5.573481, 4.281803, 0.000000, 0.000000, 2.000000, 0.000000
110.540919, -12.792188, -7.845284, 4.281803, 3.162278, 0.000000, -2.000000, 0.000000
112.122058, -13.835697, -10.117087, 4.281803, 0.000000, 0.000000, 0.000000, 1.570796
112.364464, -13.835697, -10.117087, 4.327953, 0.000000, 0.380770, 0.000000, -1.570796
112.606870, -13.835697, -10.117087, 4.374104, 0.000000, 0.000000, 2.000000, 0.000000
114.188009, -14.665373, -12.475399, 4.374104, 3.162278, 0.000000, -2.000000, 0.000000
115.769148, -15.495048, -14.833712, 4.374104, 0.000000, 0.000000, 0.000000, 1.570796
116.769148, -15.495048, -14.833712, 5.159502, 0.000000, 1.570796, 0.000000, 0.000000
119.062544, -15.495048, -14.833712, 2.478775, 0.000000, 1.570796, 0.000000, -1.570796
120.062544, -15.495048, -14.833712, 3.264173, 0.000000, 0.000000, 2.000000, 0.000000
121.643683, -17.976289, -15.139397, 3.264173, 3.162278, 0.000000, -2.000000, 0.000000
123.224821, -20.457530, -15.445082, 3.264173, 0.000000, 0.000000, 0.000000, 1.570796
124.224821, -20.457530, -15.445082, 4.049571, 0.000000, 1.570796, 0.000000, 0.000000
126.371002, -20.457530, -15.445082, 1.137598, 0.000000, 1.570796, 0.000000, -1.570796
127.371002, -20.457530, -15.445082, 1.922996, 0.000000, 0.000000, 2.000000, 0.000000
128.952140, -21.319938, -13.098541, 1.922996, 3.162278, 0.000000, -2.000000, 0.000000
130.533279, -22.182345, -10.752001, 1.922996, 0.000000, 0.000000, 0.000000, 1.570796
131.396110, -22.182345, -10.752001, 2.507708, 0.000000, 1.355332, 0.000000, -1.570796
132.258942, -22.182345, -10.752001, 3.092419, 0.000000, 0.000000, 2.000000, 0.000000
133.840080, -24.679323, -10.629117, 3.092419, 3.162278, 0.000000, -2.000000, 0.000000
135.421219, -27.176301, -10.506234, 3.092419, 0.000000, 0.000000, 0.000000, 1.570796
136.421219, -27.176301, -10.506234, 3.877817, 0.000000, 1.570796, 0.000000, 0.000000
139.267773, -27.176301, -10.506234, 2.065988, 0.000000, 1.570796, 0.000000, -1.570796
140.267773, -27.176301, -10.506234, 2.851386, 0.000000, 0.000000, 2.000000, 0.000000
141.848912, -29.571762, -9.790857, 2.851386, 3.162278, 0.000000, -2.000000, 0.000000
143.430050, -31.967224, -9.075481, 2.851386, 0.000000, 0.000000, 0.000000, 1.570796
144.330821, -31.967224, -9.075481, 3.488649, 0.000000, 1.414927, 0.000000, -1.570796
145.231592, -31.967224, -9.075481, 4.125911, 0.000000, 0.000000, 2.000000, 0.000000
146.812731, -33.350802, -11.157718, 4.125911, 3.162278, 0.000000, -2.000000, 0.000000
148.393869, -34.734380, -13.239955, 4.125911, 0.000000, 0.000000, 0.000000, 1.570796
149.393869, -34.734380, -13.239955, 4.911309, 0.000000, 1.570796, 0.000000, 0.000000
151.923501, -34.734380, -13.239955, 2.601660, 0.000000, 1.570796, 0.000000, -1.570796
152.923501, -34.734380, -13.239955, 3.387058, 0.000000, 0.000000, 2.000000, 0.000000
153.703858, -35.325083, -13.387937, 3.387058, 1.560713, 0.000000, -2.000000, 0.000000
154.484214, -35.915785, -13.535918, 3.387058, 0.000000, 0.000000, 0.000000, 1.570796
155.220278, -35.915785, -13.535918, 3.812579, 0.000000, 1.156207, 0.000000, -1.570796
155.956342, -35.915785, -13.535918, 4.238100, 0.000000, 0.000000, 2.000000, 0.000000
157.537481, -37.057550, -15.759963, 4.238100, 3.162278, 0.000000, -2.000000, 0.000000
159.118620, -38.199314, -17.984007, 4.238100, 0.000000, 0.000000, 0.000000, 1.570796
160.118620, -38.199314, -17.984007, 5.023498, 0.000000, 1.570796, 0.000000, 0.000000
162.339730, -38.199314, -17.984007, 2.229224, 0.000000, 1.570796, 0.000000, -1.570796
163.339730, -38.199314, -17.984007, 3.014622, 0.000000, 0.000000, 2.000000, 0.000000
164.920868, -40.679189, -17.667432, 3.014622, 3.162278, 0.000000, -2.000000, 0.000000
166.502007, -43.159065, -17.350858, 3.014622, 0.000000, 0.000000, 0.000000, 1.570796
167.473356, -43.159065, -17.350858, 3.755660, 0.000000, 1.525791, 0.000000, -1.570796
168.444705, -43.159065, -17.350858, 4.496697, 0.000000, 0.000000, 2.000000, 0.000000
170.025844, -43.694124, -19.792929, 4.496697, 3.162278, 0.000000, -2.000000, 0.000000
171.606983, -44.229182, -22.235001, 4.496697, 0.000000, 0.000000, 0.000000, 1.570796
171.809614, -44.229182, -22.235001, 4.528945, 0.000000, 0.318292, 0.000000, -1.570796
172.012245, -44.229182, -22.235001, 4.561193, 0.000000, 0.000000, 2.000000, 0.000000
173.256036, -44.462195, -23.764368, 4.561193, 2.487582, 0.000000, -2.000000, 0.000000
174.499827, -44.695208, -25.293736, 4.561193, 0.000000, 0.000000, 0.000000, 1.570796
175.499827, -44.695208, -25.293736, 5.346591, 0.000000, 1.570796, 0.000000, 0.000000
178.424786, -44.695208, -25.293736, 3.657921, 0.000000, 1.570796, 0.000000, -1.570796
179.424786, -44.695208, -25.293736, 4.443319, 0.000000, 0.000000, 2.000000, 0.000000
181.005925, -45.359796, -27.703782, 4.443319, 3.162278, 0.000000, -2.000000, 0.000000
182.587064, -46.024384, -30.113829, 4.443319, 0.000000, 0.000000, 0.000000, 0.000000
