2, 38.044164, 4.706100, 1, 39.000000, 5.000000
3, 37.266654, 5.334972, 2, 38.044164, 4.706100
4, 37.309754, 6.334043, 3, 37.266654, 5.334972
5, 36.422980, 6.796246, 4, 37.309754, 6.334043
6, 35.435215, 6.952195, 5, 36.422980, 6.796246
7, 34.928757, 7.814459, 6, 35.435215, 6.952195
8, 34.001936, 8.189963, 7, 34.928757, 7.814459
9, 33.011303, 8.326508, 8, 34.001936, 8.189963
10, 32.076379, 8.681358, 9, 33.011303, 8.326508
11, 31.724459, 9.617388, 10, 32.076379, 8.681358
12, 30.739871, 9.442495, 11, 31.724459, 9.617388
13, 29.810662, 9.812050, 12, 30.739871, 9.442495
14, 29.194121, 9.024728, 13, 29.810662, 9.812050
15, 35.380988, 8.706360, 7, 34.928757, 7.814459
16, 29.126908, 10.541762, 13, 29.810662, 9.812050
17, 28.167946, 10.825295, 16, 29.126908, 10.541762
18, 27.216301, 10.518095, 17, 28.167946, 10.825295
19, 26.368594, 9.987631, 18, 27.216301, 10.518095
20, 26.096686, 9.025308, 19, 26.368594, 9.987631
21, 25.161790, 8.670385, 20, 26.096686, 9.025308
22, 35.753049, 9.634568, 15, 35.380988, 8.706360
23, 39.840424, 5.541930, 1, 39.000000, 5.000000
24, 24.293136, 8.174967, 21, 25.161790, 8.670385
25, 28.253881, 11.821596, 17, 28.167946, 10.825295
26, 23.550009, 7.505816, 24, 24.293136, 8.174967
27, 28.411329, 12.809123, 25, 28.253881, 11.821596
28, 27.754758, 13.563388, 27, 28.411329, 12.809123
29, 22.650795, 7.068307, 26, 23.550009, 7.505816
30, 21.735117, 6.666395, 29, 22.650795, 7.068307
31, 20.735487, 6.639170, 30, 21.735117, 6.666395
32, 20.500742, 5.667114, 31, 20.735487, 6.639170
33, 19.967163, 7.279231, 31, 20.735487, 6.639170
34, 18.967982, 7.238761, 33, 19.967163, 7.279231
35, 18.271198, 7.956041, 34, 18.967982, 7.238761
36, 20.022241, 4.789027, 32, 20.500742, 5.667114
37, 17.388918, 8.426768, 35, 18.271198, 7.956041
38, 16.768610, 9.211126, 37, 17.388918, 8.426768
39, 19.779518, 3.818931, 36, 20.022241, 4.789027
40, 15.936692, 9.766024, 38, 16.768610, 9.211126
41, 14.961528, 9.987511, 40, 15.936692, 9.766024
42, 19.055225, 3.129439, 39, 19.779518, 3.818931
43, 27.081151, 14.302478, 28, 27.754758, 13.563388
44, 13.985140, 10.203534, 41, 14.961528, 9.987511
45, 13.254402, 9.520876, 44, 13.985140, 10.203534
46, 13.493558, 11.074365, 44, 13.985140, 10.203534
47, 12.459887, 8.913632, 45, 13.254402, 9.520876
48, 11.890001, 8.091908, 47, 12.459887, 8.913632
49, 12.703553, 11.687465, 46, 13.493558, 11.074365
50, 11.180178, 7.387528, 48, 11.890001, 8.091908
51, 10.761184, 6.479539, 50, 11.180178, 7.387528
52, 9.769794, 6.610484, 51, 10.761184, 6.479539
53, 18.776540, 2.169056, 42, 19.055225, 3.129439
54, 8.796169, 6.838638, 52, 9.769794, 6.610484
55, 7.829782, 6.581548, 54, 8.796169, 6.838638
56, 7.048938, 5.956822, 55, 7.829782, 6.581548
57, 12.072800, 12.463449, 49, 12.703553, 11.687465
58, 27.609638, 15.151420, 43, 27.081151, 14.302478
59, 27.641661, 16.150907, 58, 27.609638, 15.151420
60, 6.384350, 5.209612, 56, 7.048938, 5.956822
61, 39.272912, 4.037961, 1, 39.000000, 5.000000
62, 11.463899, 13.256696, 57, 12.072800, 12.463449
63, 10.596124, 13.753653, 62, 11.463899, 13.256696
64, 5.847477, 4.365949, 60, 6.384350, 5.209612
65, 5.002825, 3.830633, 64, 5.847477, 4.365949
66, 27.790316, 17.139796, 59, 27.641661, 16.150907
67, 4.055949, 3.509033, 65, 5.002825, 3.830633
68, 3.263513, 2.899079, 67, 4.055949, 3.509033
69, 2.349401, 2.493618, 68, 3.263513, 2.899079
70, 10.165804, 14.656329, 63, 10.596124, 13.753653
71, 2.001597, 1.556050, 69, 2.349401, 2.493618
72, 1.906279, 3.390079, 69, 2.349401, 2.493618
73, 17.487122, 9.906640, 38, 16.768610, 9.211126
74, 1.873989, 0.564226, 71, 2.001597, 1.556050
75, 0.881112, 0.445079, 74, 1.873989, 0.564226
76, 10.361486, 15.636997, 70, 10.165804, 14.656329
77, 0.531127, -0.491676, 75, 0.881112, 0.445079
78, -0.196583, -1.177562, 77, 0.531127, -0.491676
79, -0.850259, -1.934336, 78, -0.196583, -1.177562
80, -0.889146, -2.933579, 79, -0.850259, -1.934336
81, 27.811245, 18.139577, 66, 27.790316, 17.139796
82, -0.539636, -3.870512, 80, -0.889146, -2.933579
83, 11.145918, 16.257211, 76, 10.361486, 15.636997
84, 11.076503, 17.254799, 83, 11.145918, 16.257211
85, 1.039167, 3.888192, 72, 1.906279, 3.390079
86, 0.289024, 4.549468, 85, 1.039167, 3.888192
87, -0.928813, -4.791675, 82, -0.539636, -3.870512
88, -1.201676, -5.753728, 87, -0.928813, -4.791675
89, -2.201480, -5.733902, 88, -1.201676, -5.753728
90, -3.183987, -5.547675, 89, -2.201480, -5.733902
91, -0.663676, -6.596673, 88, -1.201676, -5.753728
92, -3.636809, -6.439276, 90, -3.183987, -5.547675
93, 28.387315, 18.956977, 81, 27.811245, 18.139577
94, -0.221366, -7.493535, 91, -0.663676, -6.596673
95, 16.018506, 10.762671, 40, 15.936692, 9.766024
96, -0.389373, 5.284163, 86, 0.289024, 4.549468
97, -0.784893, 6.202621, 96, -0.389373, 5.284163
98, -1.479914, 6.921610, 97, -0.784893, 6.202621
99, 18.218025, 10.589122, 73, 17.487122, 9.906640
100, -4.223468, -7.249109, 92, -3.636809, -6.439276
101, -0.195010, -8.493188, 94, -0.221366, -7.493535
102, -4.637861, -8.159207, 100, -4.223468, -7.249109
103, -5.584085, -7.835695, 102, -4.637861, -8.159207
104, -6.562788, -7.630411, 103, -5.584085, -7.835695
105, -7.335264, -8.265455, 104, -6.562788, -7.630411
106, 32.535091, 10.202944, 11, 31.724459, 9.617388
107, -8.085623, -8.926486, 105, -7.335264, -8.265455
108, 0.448194, -4.026049, 82, -0.539636, -3.870512
109, -8.357849, -9.888719, 107, -8.085623, -8.926486
110, -2.244581, 7.566036, 98, -1.479914, 6.921610
111, 0.136030, -9.436804, 101, -0.195010, -8.493188
112, -8.937945, -10.703268, 109, -8.357849, -9.888719
113, 28.966733, 19.772007, 93, 28.387315, 18.956977
114, -9.693715, -11.358105, 112, -8.937945, -10.703268
115, 29.242719, 20.733169, 113, 28.966733, 19.772007
116, -10.422013, -12.043366, 114, -9.693715, -11.358105
117, -3.021777, 8.195294, 110, -2.244581, 7.566036
118, 0.262834, -10.428732, 111, 0.136030, -9.436804
119, 12.025226, 17.570907, 84, 11.076503, 17.254799
120, 26.891997, 18.533257, 81, 27.811245, 18.139577
121, -3.505525, 9.070501, 117, -3.021777, 8.195294
122, -4.480502, 9.292808, 121, -3.505525, 9.070501
123, 30.081463, 21.277694, 115, 29.242719, 20.733169
124, 0.938513, -11.165928, 118, 0.262834, -10.428732
125, 1.418977, -12.042942, 124, 0.938513, -11.165928
126, -10.274284, -13.032393, 116, -10.422013, -12.043366
127, 39.183538, 3.041963, 61, 39.272912, 4.037961
128, -5.363297, 9.762566, 122, -4.480502, 9.292808
129, 2.101590, -12.773722, 125, 1.418977, -12.042942
130, -6.232252, 10.257457, 128, -5.363297, 9.762566
131, 2.661984, -13.601948, 129, 2.101590, -12.773722
132, 12.040480, 18.570791, 119, 12.025226, 17.570907
133, -10.665414, -13.952729, 126, -10.274284, -13.032393
134, 11.601745, 19.469407, 132, 12.040480, 18.570791
135, -6.991468, 10.908296, 130, -6.232252, 10.257457
136, 30.112561, 22.277210, 123, 30.081463, 21.277694
137, -11.665413, -13.954270, 133, -10.665414, -13.952729
138, -7.469500, 11.786639, 135, -6.991468, 10.908296
139, 28.773420, 16.956748, 66, 27.790316, 17.139796
140, -12.547103, -13.482442, 137, -11.665413, -13.954270
141, 11.408567, 20.450571, 134, 11.601745, 19.469407
142, 32.915764, 11.127653, 106, 32.535091, 10.202944
143, 3.638232, -13.385291, 131, 2.661984, -13.601948
144, -10.131023, -14.797966, 133, -10.665414, -13.952729
145, 11.077805, 21.394285, 141, 11.408567, 20.450571
146, -9.774455, -15.732236, 144, -10.131023, -14.797966
147, -10.386392, -16.523142, 146, -9.774455, -15.732236
148, -8.963266, -16.317019, 146, -9.774455, -15.732236
149, -11.128311, -17.193631, 147, -10.386392, -16.523142
150, 30.343124, 23.250267, 136, 30.112561, 22.277210
151, 19.794602, 5.989557, 32, 20.500742, 5.667114
152, 29.863646, 24.127821, 150, 30.343124, 23.250267
153, 11.205526, 22.386095, 145, 11.077805, 21.394285
154, 31.285681, 23.584312, 150, 30.343124, 23.250267
155, -11.530221, -18.109311, 149, -11.128311, -17.193631
156, -5.870576, -8.793778, 103, -5.584085, -7.835695
157, 29.199951, 24.875825, 152, 29.863646, 24.127821
158, -11.813505, -19.068347, 155, -11.530221, -18.109311
159, 29.542864, 25.815192, 157, 29.199951, 24.875825
160, 32.017842, 24.265445, 154, 31.285681, 23.584312
161, 22.247426, 7.983344, 29, 22.650795, 7.068307
162, 25.911893, 18.731740, 120, 26.891997, 18.533257
163, -12.031062, -20.044394, 158, -11.813505, -19.068347
164, -12.554825, -20.896258, 163, -12.031062, -20.044394
165, 11.279814, 23.383332, 153, 11.205526, 22.386095
166, 11.559505, 24.343422, 165, 11.279814, 23.383332
167, -13.322927, -21.536586, 164, -12.554825, -20.896258
168, 4.637981, -13.362881, 143, 3.638232, -13.385291
169, 1.518690, 1.062558, 74, 1.873989, 0.564226
170, 11.173545, 25.265937, 166, 11.559505, 24.343422
171, -14.003079, -22.269657, 167, -13.322927, -21.536586
172, 11.147993, 26.265611, 170, 11.173545, 25.265937
173, -14.707136, -22.979801, 171, -14.003079, -22.269657
174, -15.706718, -23.008697, 173, -14.707136, -22.979801
175, 0.062899, 6.732951, 97, -0.784893, 6.202621
176, -16.612904, -22.585818, 174, -15.706718, -23.008697
177, -15.687497, -24.008513, 174, -15.706718, -23.008697
178, -17.472761, -22.075282, 176, -16.612904, -22.585818
179, 8.386321, 7.750792, 54, 8.796169, 6.838638
180, 29.152407, 26.735813, 159, 29.542864, 25.815192
181, 32.680618, 25.014262, 160, 32.017842, 24.265445
182, -18.167206, -21.355736, 178, -17.472761, -22.075282
183, 33.348521, 12.029164, 142, 32.915764, 11.127653
184, 10.820817, 27.210574, 172, 11.147993, 26.265611
185, -4.104941, -5.158005, 90, -3.183987, -5.547675
186, -19.020646, -21.876927, 182, -18.167206, -21.355736
187, -19.570857, -22.711952, 186, -19.020646, -21.876927
188, 33.677931, 24.941008, 181, 32.680618, 25.014262
189, -20.549652, -22.916798, 187, -19.570857, -22.711952
190, -10.617106, -13.830673, 133, -10.665414, -13.952729
191, 10.266320, 28.042760, 184, 10.820817, 27.210574
192, -11.084359, -15.099880, 144, -10.131023, -14.797966
193, 12.929698, 17.144373, 119, 12.025226, 17.570907
194, 10.736279, 28.925448, 191, 10.266320, 28.042760
195, -21.549507, -22.933791, 189, -20.549652, -22.916798
196, -20.306966, -23.886903, 189, -20.549652, -22.916798
197, -13.713875, -22.179173, 171, -14.003079, -22.269657
198, -15.223988, -24.894604, 177, -15.687497, -24.008513
199, -15.730455, -25.756863, 198, -15.223988, -24.894604
200, 26.083094, 14.364775, 43, 27.081151, 14.302478
201, -22.543960, -22.828606, 195, -21.549507, -22.933791
202, 10.098593, 29.695745, 194, 10.736279, 28.925448
203, -22.887451, -23.767762, 201, -22.543960, -22.828606
204, -17.958474, -20.377764, 182, -18.167206, -21.355736
205, 28.956870, 27.716510, 180, 29.152407, 26.735813
206, -6.691009, 9.368895, 130, -6.232252, 10.257457
207, -23.174730, -22.052636, 201, -22.543960, -22.828606
208, -24.113071, -21.706925, 207, -23.174730, -22.052636
209, 34.668795, 24.806143, 188, 33.677931, 24.941008
210, -24.726608, -20.917258, 208, -24.113071, -21.706925
211, 29.552126, 28.520045, 205, 28.956870, 27.716510
212, -1.761067, 8.441373, 110, -2.244581, 7.566036
213, -23.464636, -24.584375, 203, -22.887451, -23.767762
214, -15.924782, -26.737800, 199, -15.730455, -25.756863
215, -15.079625, -27.272318, 214, -15.924782, -26.737800
216, 12.520655, 24.067394, 166, 11.559505, 24.343422
217, -23.494037, -25.583943, 213, -23.464636, -24.584375
218, 5.599675, -13.637006, 168, 4.637981, -13.362881
219, 35.606774, 25.152835, 209, 34.668795, 24.806143
220, 36.462268, 25.670647, 219, 35.606774, 25.152835
221, -8.419406, 11.474103, 138, -7.469500, 11.786639
222, 9.287270, 30.280343, 202, 10.098593, 29.695745
223, 8.457971, 30.839148, 222, 9.287270, 30.280343
224, 7.550686, 30.418633, 223, 8.457971, 30.839148
225, -12.734380, -21.246991, 164, -12.554825, -20.896258
226, -14.942180, -28.262828, 215, -15.079625, -27.272318
227, -1.268071, 4.806786, 96, -0.389373, 5.284163
228, 11.723905, 29.082277, 194, 10.736279, 28.925448
229, 6.553166, 30.348251, 224, 7.550686, 30.418633
230, 5.630409, 30.733634, 229, 6.553166, 30.348251
231, 13.011245, 18.810821, 132, 12.040480, 18.570791
232, -24.028705, -26.429004, 217, -23.494037, -25.583943
233, 7.704646, 8.482447, 179, 8.386321, 7.750792
234, -25.264335, -20.074140, 210, -24.726608, -20.917258
235, 25.101411, 14.555299, 200, 26.083094, 14.364775
236, 40.839771, 5.578063, 23, 39.840424, 5.541930
237, 8.365102, 31.834827, 223, 8.457971, 30.839148
238, -9.354623, 11.120026, 221, -8.419406, 11.474103
239, 8.412070, 9.189235, 233, 7.704646, 8.482447
240, -25.402659, -19.083753, 234, -25.264335, -20.074140
241, 13.498881, 23.859851, 216, 12.520655, 24.067394
242, -8.115834, -11.272594, 112, -8.937945, -10.703268
243, 4.995680, 31.506368, 230, 5.630409, 30.733634
244, -11.126585, -20.470917, 163, -12.031062, -20.044394
245, -24.025177, -27.428998, 232, -24.028705, -26.429004
246, -6.945074, -7.408010, 104, -6.562788, -7.630411
247, 8.992552, 30.627778, 222, 9.287270, 30.280343
248, -1.652412, -1.337216, 79, -0.850259, -1.934336
249, 6.249850, 29.395361, 229, 6.553166, 30.348251
250, 28.265629, 14.276200, 28, 27.754758, 13.563388
251, -14.345638, -29.065409, 226, -14.942180, -28.262828
252, -13.135953, -22.895229, 197, -13.713875, -22.179173
253, -10.023292, 10.376466, 238, -9.354623, 11.120026
254, 36.983186, 26.524255, 220, 36.462268, 25.670647
255, 4.019127, 31.721646, 243, 4.995680, 31.506368
256, 3.341130, 32.456710, 255, 4.019127, 31.721646
257, 32.725865, 23.559255, 160, 32.017842, 24.265445
258, 36.935887, 27.523135, 254, 36.983186, 26.524255
259, 12.592535, 29.577740, 228, 11.723905, 29.082277
260, -13.873986, -29.947194, 251, -14.345638, -29.065409
261, 2.362404, 32.661883, 256, 3.341130, 32.456710
262, -11.021123, 10.310653, 253, -10.023292, 10.376466
263, -12.874228, -29.969204, 260, -13.873986, -29.947194
264, -12.295286, -30.784572, 263, -12.874228, -29.969204
265, -12.021026, 10.296678, 262, -11.021123, 10.310653
266, 9.132077, 29.634855, 222, 9.287270, 30.280343
267, 9.347689, 27.647643, 191, 10.266320, 28.042760
268, -11.358422, -31.134266, 264, -12.295286, -30.784572
269, -10.370510, -30.979252, 268, -11.358422, -31.134266
270, 11.132108, 25.650342, 170, 11.173545, 25.265937
271, -9.489958, -31.453201, 269, -10.370510, -30.979252
272, 1.532811, 33.220252, 261, 2.362404, 32.661883
273, 29.105399, 29.414715, 211, 29.552126, 28.520045
274, 0.575845, 33.510450, 272, 1.532811, 33.220252
275, -13.008919, 10.141539, 265, -12.021026, 10.296678
276, -12.369695, -23.537762, 252, -13.135953, -22.895229
277, -0.108156, 34.239931, 274, 0.575845, 33.510450
278, 1.407390, -4.308790, 108, 0.448194, -4.026049
279, -24.290114, -28.393264, 245, -24.025177, -27.428998
280, 37.352381, 28.432274, 258, 36.935887, 27.523135
281, 29.168214, 30.412741, 273, 29.105399, 29.414715
282, 28.771374, 31.330629, 281, 29.168214, 30.412741
283, -12.608498, -19.745723, 163, -12.031062, -20.044394
284, -14.008852, 10.153082, 275, -13.008919, 10.141539
285, -0.944700, 33.692032, 277, -0.108156, 34.239931
286, -23.055198, -27.672187, 245, -24.025177, -27.428998
287, 29.060250, 32.287995, 282, 28.771374, 31.330629
288, -9.930774, -17.040269, 147, -10.386392, -16.523142
289, -4.878452, -4.524221, 185, -4.104941, -5.158005
290, 13.219221, 30.357011, 259, 12.592535, 29.577740
291, -7.996425, -16.572398, 148, -8.963266, -16.317019
292, -26.081508, -18.349474, 240, -25.402659, -19.083753
293, -14.584604, 9.335458, 284, -14.008852, 10.153082
294, -10.361318, -19.827204, 244, -11.126585, -20.470917
295, -1.936045, 33.823317, 285, -0.944700, 33.692032
296, -24.472892, -29.376418, 279, -24.290114, -28.393264
297, 29.659734, 33.088382, 287, 29.060250, 32.287995
298, -4.046945, -8.965940, 102, -4.637861, -8.159207
299, -7.904574, -17.568171, 291, -7.996425, -16.572398
300, 16.979057, 9.408665, 38, 16.768610, 9.211126
301, -7.152170, -16.036456, 291, -7.996425, -16.572398
302, -2.643560, 33.116619, 295, -1.936045, 33.823317
303, -5.748181, -4.030692, 289, -4.878452, -4.524221
304, 13.900647, 11.987754, 46, 13.493558, 11.074365
305, 0.648958, 7.543219, 175, 0.062899, 6.732951
306, -25.116564, -30.141720, 296, -24.472892, -29.376418
307, 30.032790, 34.016191, 297, 29.659734, 33.088382
308, 14.005753, 18.706153, 231, 13.011245, 18.810821
309, -5.153279, -3.226894, 303, -5.748181, -4.030692
310, -2.929191, 32.158279, 302, -2.643560, 33.116619
311, 1.730062, 0.454580, 74, 1.873989, 0.564226
312, 38.341843, 28.577067, 280, 37.352381, 28.432274
313, 13.418755, 31.336902, 290, 13.219221, 30.357011
314, -15.504735, 8.943847, 293, -14.584604, 9.335458
315, 36.737107, 29.220587, 280, 37.352381, 28.432274
316, -26.567740, -17.475644, 292, -26.081508, -18.349474
317, -3.582739, 33.460047, 302, -2.643560, 33.116619
318, 13.354819, 8.467428, 47, 12.459887, 8.913632
319, 10.994807, 27.984281, 191, 10.266320, 28.042760
320, 13.388706, 32.336451, 313, 13.418755, 31.336902
321, -16.303366, 9.545668, 314, -15.504735, 8.943847
322, 8.381127, 32.834698, 237, 8.365102, 31.834827
323, 3.490725, 30.872651, 255, 4.019127, 31.721646
324, -17.037002, 10.225212, 321, -16.303366, 9.545668
325, 30.479371, 34.910934, 307, 30.032790, 34.016191
326, 14.260668, 32.826025, 320, 13.388706, 32.336451
327, 39.143259, 27.978959, 312, 38.341843, 28.577067
328, 14.165364, 33.821473, 326, 14.260668, 32.826025
329, 24.912167, 18.755141, 162, 25.911893, 18.731740
330, -17.676848, 10.993715, 324, -17.037002, 10.225212
331, -4.544991, 33.732208, 317, -3.582739, 33.460047
332, 14.076133, 34.817484, 328, 14.165364, 33.821473
333, -18.655828, 10.789759, 330, -17.676848, 10.993715
334, -11.550415, -32.115662, 268, -11.358422, -31.134266
335, -19.642008, 10.955433, 333, -18.655828, 10.789759
336, -5.518115, 33.962492, 331, -4.544991, 33.732208
337, -20.451103, 10.367754, 335, -19.642008, 10.955433
338, -6.493007, 34.185170, 336, -5.518115, 33.962492
339, 29.079368, 21.039866, 115, 29.242719, 20.733169
340, -2.218871, 31.454401, 310, -2.929191, 32.158279
341, -11.930980, -33.040417, 334, -11.550415, -32.115662
342, -7.442018, 34.500411, 338, -6.493007, 34.185170
343, 24.077846, 18.203862, 329, 24.912167, 18.755141
344, 41.677877, 5.032555, 236, 40.839771, 5.578063
345, -26.827594, -16.509997, 316, -26.567740, -17.475644
346, -21.441506, 10.229548, 337, -20.451103, 10.367754
347, -21.415176, 9.229895, 346, -21.441506, 10.229548
348, 14.011373, 35.815385, 332, 14.076133, 34.817484
349, -22.425986, 10.405046, 346, -21.441506, 10.229548
350, 18.567438, 10.712433, 99, 18.218025, 10.589122
351, 32.838911, 12.889570, 183, 33.348521, 12.029164
352, -11.927800, -34.040412, 341, -11.930980, -33.040417
353, -21.755794, 8.289693, 347, -21.415176, 9.229895
354, 33.670035, 13.445657, 351, 32.838911, 12.889570
355, 2.384703, -4.520591, 278, 1.407390, -4.308790
356, -8.356421, 34.905218, 342, -7.442018, 34.500411
357, -9.344108, 34.748777, 356, -8.356421, 34.905218
358, -23.382971, 10.695185, 349, -22.425986, 10.405046
359, 3.364221, -4.721948, 355, 2.384703, -4.520591
360, -8.021576, 35.847491, 356, -8.356421, 34.905218
361, 0.160562, 35.203151, 277, -0.108156, 34.239931
362, -10.280000, 35.101064, 357, -9.344108, 34.748777
363, 1.823880, -14.147458, 131, 2.661984, -13.601948
364, 6.230772, -12.861302, 218, 5.599675, -13.637006
365, -22.614271, 7.776841, 353, -21.755794, 8.289693
366, 4.198844, 32.261571, 255, 4.019127, 31.721646
367, -23.586544, 7.542992, 365, -22.614271, 7.776841
368, -24.337275, 10.994021, 358, -23.382971, 10.695185
369, 14.340912, 24.399280, 241, 13.498881, 23.859851
370, 29.226887, 14.551850, 250, 28.265629, 14.276200
371, 30.364022, 35.904259, 325, 30.479371, 34.910934
372, 7.007197, -12.231092, 364, 6.230772, -12.861302
373, 6.734114, 6.544394, 56, 7.048938, 5.956822
374, 8.004336, -12.306682, 372, 7.007197, -12.231092
375, -25.194292, 11.509309, 368, -24.337275, 10.994021
376, -10.626692, 34.163085, 362, -10.280000, 35.101064
377, -5.428015, -2.265374, 309, -5.153279, -3.226894
378, -11.626593, 34.177129, 376, -10.626692, 34.163085
379, -25.823105, 12.286866, 375, -25.194292, 11.509309
380, 8.487891, -13.181996, 374, 8.004336, -12.306682
381, 30.488651, 28.870647, 211, 29.552126, 28.520045
382, -11.547695, -20.465163, 244, -11.126585, -20.470917
383, -23.703931, -30.015714, 296, -24.472892, -29.376418
384, -10.544807, -21.284265, 244, -11.126585, -20.470917
385, -27.446169, -15.724270, 345, -26.827594, -16.509997
386, -10.615554, 33.163147, 376, -10.626692, 34.163085
387, -25.364712, 13.175616, 379, -25.823105, 12.286866
388, 31.467730, 34.758798, 325, 30.479371, 34.910934
389, 9.233072, -13.848858, 380, 8.487891, -13.181996
390, -7.513463, 36.708781, 360, -8.021576, 35.847491
391, -25.958068, 13.980556, 387, -25.364712, 13.175616
392, 9.923433, -14.572323, 389, 9.233072, -13.848858
393, -24.486133, 7.106254, 367, -23.586544, 7.542992
394, -12.590244, 33.909965, 378, -11.626593, 34.177129
395, -12.861289, 34.429852, 394, -12.590244, 33.909965
396, -2.192869, 4.426328, 227, -1.268071, 4.806786
397, -8.011484, 37.575947, 390, -7.513463, 36.708781
398, -13.807958, 34.752059, 395, -12.861289, 34.429852
399, 10.909881, -14.736397, 392, 9.923433, -14.572323
400, 11.895994, -14.902473, 399, 10.909881, -14.736397
401, -0.495635, 35.957741, 361, 0.160562, 35.203151
402, -14.793308, 34.581514, 398, -13.807958, 34.752059
403, 29.106442, 34.392860, 307, 30.032790, 34.016191
404, 12.560980, -15.649329, 400, 11.895994, -14.902473
405, 12.925323, -16.580594, 404, 12.560980, -15.649329
406, -5.742704, -1.316179, 377, -5.428015, -2.265374
407, -25.992828, -15.959393, 345, -26.827594, -16.509997
408, 16.219465, 11.742271, 95, 16.018506, 10.762671
409, -28.379953, -15.366435, 385, -27.446169, -15.724270
410, -0.324708, 36.943024, 401, -0.495635, 35.957741
411, 35.502665, 25.522060, 219, 35.606774, 25.152835
412, -2.109865, 30.460359, 340, -2.218871, 31.454401
413, 34.496184, 12.882205, 354, 33.670035, 13.445657
414, -25.439302, 6.803817, 393, -24.486133, 7.106254
415, -17.723072, -19.405866, 204, -17.958474, -20.377764
416, -15.650943, 35.095772, 402, -14.793308, 34.581514
417, 14.566674, 36.647034, 348, 14.011373, 35.815385
418, 13.912851, -16.738041, 405, 12.925323, -16.580594
419, 32.513668, 23.091730, 257, 32.725865, 23.559255
420, -8.282843, 38.538425, 397, -8.011484, 37.575947
421, -26.005256, 10.924212, 375, -25.194292, 11.509309
422, 29.509364, 29.007911, 211, 29.552126, 28.520045
423, 14.604693, -17.460089, 418, 13.912851, -16.738041
424, 14.363974, 12.873941, 304, 13.900647, 11.987754
425, -16.526735, 35.578463, 416, -15.650943, 35.095772
426, -8.418189, 39.529223, 420, -8.282843, 38.538425
427, 15.397832, -18.069131, 423, 14.604693, -17.460089
428, -26.402040, 7.074256, 414, -25.439302, 6.803817
429, 22.593236, 8.921648, 161, 22.247426, 7.983344
430, -8.926539, -30.627030, 271, -9.489958, -31.453201
431, -26.925986, 14.231822, 391, -25.958068, 13.980556
432, 14.267091, 37.601104, 417, 14.566674, 36.647034
433, 16.085300, -18.795345, 427, 15.397832, -18.069131
434, 31.183768, 29.589544, 381, 30.488651, 28.870647
435, 16.201520, -19.788569, 433, 16.085300, -18.795345
436, 32.313676, 35.292067, 388, 31.467730, 34.758798
437, -3.074882, -9.200660, 298, -4.046945, -8.965940
438, 27.777700, 31.218327, 282, 28.771374, 31.330629
439, -5.379999, -0.384276, 406, -5.742704, -1.316179
440, 0.228677, -11.113573, 118, 0.262834, -10.428732
441, -17.509197, 35.764924, 425, -16.526735, 35.578463
442, -18.479278, 35.522143, 441, -17.509197, 35.764924
443, 17.201283, -19.766809, 435, 16.201520, -19.788569
444, -27.882845, 13.941267, 431, -26.925986, 14.231822
445, -28.882443, 13.969617, 444, -27.882845, 13.941267
446, 10.562006, 24.272740, 166, 11.559505, 24.343422
447, 15.163583, 33.881117, 328, 14.165364, 33.821473
448, -28.453563, 13.656501, 445, -28.882443, 13.969617
449, 18.039476, -20.312182, 443, 17.201283, -19.766809
450, -19.105922, 36.301449, 442, -18.479278, 35.522143
451, -28.142239, -14.395100, 409, -28.379953, -15.366435
452, -25.048027, -31.139368, 306, -25.116564, -30.141720
453, 14.410790, 23.558269, 369, 14.340912, 24.399280
454, -29.497872, 14.757809, 445, -28.882443, 13.969617
455, 15.593396, -20.582411, 435, 16.201520, -19.788569
456, -30.407449, 14.342272, 454, -29.497872, 14.757809
457, 18.844141, -20.905912, 449, 18.039476, -20.312182
458, -30.863700, 15.232123, 456, -30.407449, 14.342272
459, -22.170625, -28.138588, 286, -23.055198, -27.672187
460, -31.779099, 14.829575, 458, -30.863700, 15.232123
461, -12.174921, -35.009396, 352, -11.927800, -34.040412
462, -28.989594, -13.864073, 451, -28.142239, -14.395100
463, -28.458989, -13.016453, 462, -28.989594, -13.864073
464, -18.603545, 34.529894, 442, -18.479278, 35.522143
465, 0.450383, -4.740997, 108, 0.448194, -4.026049
466, 15.267784, 24.774657, 369, 14.340912, 24.399280
467, 19.466176, -21.688902, 457, 18.844141, -20.905912
468, -32.501452, 15.521100, 460, -31.779099, 14.829575
469, 32.866715, 36.125222, 436, 32.313676, 35.292067
470, -29.989472, -13.879682, 462, -28.989594, -13.864073
471, -32.624262, 16.513530, 468, -32.501452, 15.521100
472, -6.165709, -16.200456, 301, -7.152170, -16.036456
473, -29.175211, 15.704323, 454, -29.497872, 14.757809
474, 28.400276, 35.100906, 403, 29.106442, 34.392860
475, 19.390500, -22.686034, 467, 19.466176, -21.688902
476, 30.211822, 36.892609, 371, 30.364022, 35.904259
477, 36.081459, 29.975654, 315, 36.737107, 29.220587
478, 29.191240, 28.542992, 211, 29.552126, 28.520045
479, -32.340915, 14.002313, 460, -31.779099, 14.829575
480, 13.556810, 38.305022, 432, 14.267091, 37.601104
481, 6.841645, 8.987649, 233, 7.704646, 8.482447
482, 7.298124, 9.738774, 481, 6.841645, 8.987649
483, -19.449094, 33.995996, 464, -18.603545, 34.529894
484, -19.939450, 36.853926, 450, -19.105922, 36.301449
485, 20.462913, -21.769616, 467, 19.466176, -21.688902
486, -11.953601, 9.298954, 265, -12.021026, 10.296678
487, -25.787782, -31.812244, 452, -25.048027, -31.139368
488, 35.126785, 30.273307, 477, 36.081459, 29.975654
489, 30.010654, 37.872165, 476, 30.211822, 36.892609
490, 19.929173, -23.528550, 475, 19.390500, -22.686034
491, 13.499832, 8.188499, 318, 13.354819, 8.467428
492, -11.041246, 32.258279, 386, -10.615554, 33.163147
493, 9.357416, 32.618228, 322, 8.381127, 32.834698
494, 1.112240, -1.305498, 77, 0.531127, -0.491676
495, 31.947397, 33.881347, 388, 31.467730, 34.758798
496, 20.883106, -23.828568, 490, 19.929173, -23.528550
497, 8.392378, 27.352043, 267, 9.347689, 27.647643
498, 21.883044, -23.817477, 496, 20.883106, -23.828568
499, -32.959401, 13.216517, 479, -32.340915, 14.002313
500, -4.746148, 9.922281, 128, -5.363297, 9.762566
501, -11.041488, 8.889016, 486, -11.953601, 9.298954
502, -4.988771, -7.126293, 100, -4.223468, -7.249109
503, -19.557327, 33.001870, 483, -19.449094, 33.995996
504, 33.432473, 14.417029, 354, 33.670035, 13.445657
505, 33.461021, 36.929462, 469, 32.866715, 36.125222
506, 22.863552, -24.013958, 498, 21.883044, -23.817477
507, -1.130917, 30.664468, 412, -2.109865, 30.460359
508, -20.936916, 36.782789, 484, -19.939450, 36.853926
509, 22.706852, 9.915173, 429, 22.593236, 8.921648
510, -13.102210, -35.383743, 461, -12.174921, -35.009396
511, -26.269564, -32.688535, 487, -25.787782, -31.812244
512, -25.511136, 14.875124, 391, -25.958068, 13.980556
513, -33.178995, 17.345558, 471, -32.624262, 16.513530
514, 13.135765, 39.212062, 480, 13.556810, 38.305022
515, 23.180252, -24.962484, 506, 22.863552, -24.013958
516, -21.141894, 37.761556, 508, -20.936916, 36.782789
517, -33.933271, 18.002116, 513, -33.178995, 17.345558
518, 3.730568, 30.923558, 323, 3.490725, 30.872651
519, 27.400748, 35.131628, 474, 28.400276, 35.100906
520, -13.558196, -36.273730, 510, -13.102210, -35.383743
521, 32.603970, 11.635543, 142, 32.915764, 11.127653
522, 0.417293, 37.613423, 410, -0.324708, 36.943024
523, -4.476851, -9.868814, 298, -4.046945, -8.965940
524, -26.131272, -33.678927, 511, -26.269564, -32.688535
525, -9.122080, 40.239531, 426, -8.418189, 39.529223
526, -34.773648, 18.544119, 517, -33.933271, 18.002116
527, -28.302633, -12.028752, 463, -28.458989, -13.016453
528, -5.278131, -7.501986, 103, -5.584085, -7.835695
529, -8.792457, -18.028240, 299, -7.904574, -17.568171
530, 9.091741, 6.941036, 54, 8.796169, 6.838638
531, -19.391332, 32.015744, 503, -19.557327, 33.001870
532, -22.113194, 37.999414, 516, -21.141894, 37.761556
533, -19.792547, -21.241183, 186, -19.020646, -21.876927
534, -27.037148, -34.102470, 524, -26.131272, -33.678927
535, 26.779009, 31.167183, 438, 27.777700, 31.218327
536, 23.987019, -25.553354, 515, 23.180252, -24.962484
537, -27.530332, -34.972395, 534, -27.037148, -34.102470
538, -35.654597, 18.070909, 526, -34.773648, 18.544119
539, 7.522574, 10.131715, 482, 7.298124, 9.738774
540, -15.431379, 33.811537, 402, -14.793308, 34.581514
541, -30.869098, -13.404017, 470, -29.989472, -13.879682
542, -7.489622, 39.900389, 426, -8.418189, 39.529223
543, 24.153674, -26.539369, 536, 23.987019, -25.553354
544, 13.479698, 29.116284, 259, 12.592535, 29.577740
545, 7.791277, 33.642211, 322, 8.381127, 32.834698
546, -27.559046, -11.360114, 527, -28.302633, -12.028752
547, -11.528617, -24.078675, 276, -12.369695, -23.537762
548, -27.723261, -35.953608, 537, -27.530332, -34.972395
549, 24.954617, -27.138109, 543, 24.153674, -26.539369
550, 4.003638, 29.961564, 518, 3.730568, 30.923558
551, -4.476579, -0.813033, 439, -5.379999, -0.384276
552, 25.951001, -27.053146, 549, 24.954617, -27.138109
553, -12.942400, -30.970803, 264, -12.295286, -30.784572
554, -36.218900, 18.896477, 538, -35.654597, 18.070909
555, -22.648569, 38.844028, 532, -22.113194, 37.999414
556, 23.521370, -27.314090, 543, 24.153674, -26.539369
557, 14.600711, 13.845515, 424, 14.363974, 12.873941
558, 26.930540, -26.851894, 552, 25.951001, -27.053146
559, -28.722444, -35.994017, 548, -27.723261, -35.953608
560, 8.760398, 10.126608, 239, 8.412070, 9.189235
561, 25.052109, -28.133346, 549, 24.954617, -27.138109
562, 13.449396, 31.361776, 313, 13.418755, 31.336902
563, -27.249828, 7.604590, 428, -26.402040, 7.074256
564, 27.464477, -27.697418, 558, 26.930540, -26.851894
565, -31.515978, -12.641425, 541, -30.869098, -13.404017
566, -14.522881, -36.010327, 520, -13.558196, -36.273730
567, 30.289429, 38.832522, 489, 30.010654, 37.872165
568, -23.208087, -25.921982, 217, -23.494037, -25.583943
569, -13.208510, -14.232470, 140, -12.547103, -13.482442
570, 15.069131, -21.433966, 455, 15.593396, -20.582411
571, -36.742318, 19.748553, 554, -36.218900, 18.896477
572, 29.919246, 19.467507, 113, 28.966733, 19.772007
573, 14.766289, -22.387006, 570, 15.069131, -21.433966
574, 16.264108, 24.860327, 466, 15.267784, 24.774657
575, -1.129741, 36.521466, 401, -0.495635, 35.957741
576, 12.641082, 33.000573, 320, 13.388706, 32.336451
577, -9.663025, -21.755921, 384, -10.544807, -21.284265
578, -25.034198, 15.754061, 512, -25.511136, 14.875124
579, 16.128971, -17.386903, 427, 15.397832, -18.069131
580, -32.268582, -11.982952, 565, -31.515978, -12.641425
581, -33.262356, -11.871538, 580, -32.268582, -11.982952
582, -27.803375, -10.390422, 546, -27.559046, -11.360114
583, -13.858832, -37.227469, 520, -13.558196, -36.273730
584, 23.542364, -23.279646, 506, 22.863552, -24.013958
585, -14.455951, -38.029622, 583, -13.858832, -37.227469
586, 12.767044, 40.141602, 514, 13.135765, 39.212062
587, -10.107515, 40.069482, 525, -9.122080, 40.239531
588, 30.298017, 39.832485, 567, 30.289429, 38.832522
589, 17.018900, -16.930804, 579, 16.128971, -17.386903
590, -25.303789, -15.234668, 407, -25.992828, -15.959393
591, 13.047948, 41.101338, 586, 12.767044, 40.141602
592, -12.120023, 9.396682, 486, -11.953601, 9.298954
593, 1.248529, 38.169343, 522, 0.417293, 37.613423
594, -33.021925, 12.218473, 499, -32.959401, 13.216517
595, 18.437262, -22.988253, 475, 19.390500, -22.686034
596, 29.999145, 15.187159, 370, 29.226887, 14.551850
597, 24.198961, -22.525404, 584, 23.542364, -23.279646
598, -33.916943, 11.772444, 594, -33.021925, 12.218473
599, 24.931799, 19.754949, 329, 24.912167, 18.755141
600, -24.876319, -14.330638, 590, -25.303789, -15.234668
601, 22.678313, -25.827387, 515, 23.180252, -24.962484
602, -37.740686, 19.805659, 571, -36.742318, 19.748553
603, 14.897790, 19.158114, 308, 14.005753, 18.706153
604, 30.333560, 32.349491, 297, 29.659734, 33.088382
605, -23.636529, 38.998742, 555, -22.648569, 38.844028
606, 24.551196, -21.589493, 597, 24.198961, -22.525404
607, 25.499442, -21.271954, 606, 24.551196, -21.589493
608, -10.604909, 40.937007, 587, -10.107515, 40.069482
609, -27.552747, 13.619073, 444, -27.882845, 13.941267
610, -5.638456, 0.581747, 439, -5.379999, -0.384276
611, 27.532527, -28.695100, 564, 27.464477, -27.697418
612, -25.765344, 5.858462, 414, -25.439302, 6.803817
613, -24.677793, -29.076914, 296, -24.472892, -29.376418
614, -11.234494, 41.713938, 608, -10.604909, 40.937007
615, 25.337866, 14.448017, 235, 25.101411, 14.555299
616, -2.198727, 34.788199, 295, -1.936045, 33.823317
617, -12.298947, 8.360478, 486, -11.953601, 9.298954
618, 28.532041, -28.663942, 611, 27.532527, -28.695100
619, 29.515306, 40.454869, 588, 30.298017, 39.832485
620, -33.366208, 18.825790, 517, -33.933271, 18.002116
621, -15.451425, -38.124656, 585, -14.455951, -38.029622
622, 14.105352, 30.266697, 290, 13.219221, 30.357011
623, -32.539685, 19.388692, 620, -33.366208, 18.825790
624, -8.809857, -22.277557, 577, -9.663025, -21.755921
625, 24.873799, -29.117320, 561, 25.052109, -28.133346
626, -18.903896, 31.142585, 531, -19.391332, 32.015744
627, -28.370391, -9.566715, 582, -27.803375, -10.390422
628, -38.587216, 19.273318, 602, -37.740686, 19.805659
629, 10.849890, 7.359980, 50, 11.180178, 7.387528
630, -27.681400, -36.952731, 548, -27.723261, -35.953608
631, 18.132841, -23.940791, 595, 18.437262, -22.988253
632, 26.455850, -20.979923, 607, 25.499442, -21.271954
633, -24.564803, 39.370637, 605, -23.636529, 38.998742
634, 8.276225, 29.945858, 224, 7.550686, 30.418633
635, -5.033308, 34.837113, 336, -5.518115, 33.962492
636, -13.661948, -38.637535, 585, -14.455951, -38.029622
637, -25.518818, 39.070878, 633, -24.564803, 39.370637
638, -22.957851, -30.681570, 383, -23.703931, -30.015714
639, -38.326963, 20.615769, 602, -37.740686, 19.805659
640, -12.624584, 7.414983, 617, -12.298947, 8.360478
641, -28.644537, -8.605027, 627, -28.370391, -9.566715
642, 27.400953, -20.653148, 632, 26.455850, -20.979923
643, -24.559008, -20.738015, 210, -24.726608, -20.917258
644, 17.600718, -16.117485, 589, 17.018900, -16.930804
645, 7.138245, 11.054911, 539, 7.522574, 10.131715
646, -39.197609, 21.107679, 639, -38.326963, 20.615769
647, 24.859401, -30.117216, 625, 24.873799, -29.117320
648, -9.139280, -14.669725, 144, -10.131023, -14.797966
649, -37.700935, 21.395569, 639, -38.326963, 20.615769
650, 14.833810, 32.006569, 326, 14.260668, 32.826025
651, -34.072377, -11.285136, 581, -33.262356, -11.871538
652, -34.791669, 11.287825, 598, -33.916943, 11.772444
653, 29.894944, 41.380004, 619, 29.515306, 40.454869
654, 16.055603, 12.343174, 408, 16.219465, 11.742271
655, -8.899152, 36.326928, 360, -8.021576, 35.847491
656, -2.156142, 6.184918, 98, -1.479914, 6.921610
657, 24.107236, -30.776191, 647, 24.859401, -30.117216
658, -10.538095, 31.394080, 492, -11.041246, 32.258279
659, -0.598446, 31.490764, 507, -1.130917, 30.664468
660, -29.256940, 13.966256, 445, -28.882443, 13.969617
661, 2.070400, 34.063460, 272, 1.532811, 33.220252
662, 27.523793, -19.660722, 642, 27.400953, -20.653148
663, -35.065823, -11.170831, 651, -34.072377, -11.285136
664, 34.896935, 31.246533, 488, 35.126785, 30.273307
665, -39.814807, 21.894487, 646, -39.197609, 21.107679
666, 18.242811, 6.713341, 34, 18.967982, 7.238761
667, -3.089761, 30.260848, 412, -2.109865, 30.460359
668, 28.076278, -21.390669, 642, 27.400953, -20.653148
669, 1.585630, 7.193010, 305, 0.648958, 7.543219
670, -35.393092, 10.488895, 652, -34.791669, 11.287825
671, -35.749779, -10.441308, 663, -35.065823, -11.170831
672, -40.129729, 22.843605, 665, -39.814807, 21.894487
673, -27.414157, 8.590995, 563, -27.249828, 7.604590
674, 8.248396, 34.531617, 545, 7.791277, 33.642211
675, 16.725878, 23.973327, 574, 16.264108, 24.860327
676, 26.537194, -28.071780, 564, 27.464477, -27.697418
677, 29.071871, -21.296896, 668, 28.076278, -21.390669
678, 23.733509, -31.703730, 657, 24.107236, -30.776191
679, -26.503400, 39.245799, 637, -25.518818, 39.070878
680, -3.923333, 32.266356, 310, -2.929191, 32.158279
681, 23.263125, -32.586191, 678, 23.733509, -31.703730
682, 29.277900, -29.330046, 618, 28.532041, -28.663942
683, -10.280417, -21.674280, 384, -10.544807, -21.284265
684, -15.072083, -35.174637, 566, -14.522881, -36.010327
685, -36.587791, -9.895656, 671, -35.749779, -10.441308
686, 30.149856, -29.819631, 682, 29.277900, -29.330046
687, 30.421235, -30.782104, 686, 30.149856, -29.819631
688, 29.932995, -20.788500, 677, 29.071871, -21.296896
689, 27.503085, -18.660936, 662, 27.523793, -19.660722
690, -11.230175, 8.951797, 501, -11.041488, 8.889016
691, 25.386578, -30.966972, 647, 24.859401, -30.117216
692, -36.109840, 9.791562, 670, -35.393092, 10.488895
693, 31.752094, 34.190662, 495, 31.947397, 33.881347
694, 30.880268, -21.108925, 688, 29.932995, -20.788500
695, 31.420707, -30.814615, 687, 30.421235, -30.782104
696, -33.696679, 18.248135, 517, -33.933271, 18.002116
697, 27.241816, -17.695670, 689, 27.503085, -18.660936
698, -0.945227, 36.369068, 575, -1.129741, 36.521466
699, -10.615647, -19.832139, 294, -10.361318, -19.827204
700, -27.487772, 39.421900, 679, -26.503400, 39.245799
701, 26.094673, -31.673089, 691, 25.386578, -30.966972
702, 32.399831, -31.017878, 695, 31.420707, -30.814615
703, 19.013217, -24.255327, 631, 18.132841, -23.940791
704, -36.057573, 8.792929, 692, -36.109840, 9.791562
705, -37.107623, 9.725015, 692, -36.109840, 9.791562
706, 33.200525, -30.418804, 702, 32.399831, -31.017878
707, 1.656698, 4.241183, 85, 1.039167, 3.888192
708, 26.604250, -16.925275, 697, 27.241816, -17.695670
709, 22.375326, -33.046422, 681, 23.263125, -32.586191
710, 22.252079, -34.038798, 709, 22.375326, -33.046422
711, 22.748559, 9.225167, 429, 22.593236, 8.921648
712, -39.184435, 22.232447, 665, -39.814807, 21.894487
713, 22.861602, -34.831566, 710, 22.252079, -34.038798
714, 18.684902, -25.199895, 703, 19.013217, -24.255327
715, 16.004396, 34.422444, 447, 15.163583, 33.881117
716, -11.788639, 42.546358, 614, -11.234494, 41.713938
717, 16.830281, 22.978792, 675, 16.725878, 23.973327
718, 12.110603, 41.449738, 591, 13.047948, 41.101338
719, 35.316140, 31.633755, 664, 34.896935, 31.246533
720, 32.665779, -31.981865, 702, 32.399831, -31.017878
721, -23.186094, -29.484602, 383, -23.703931, -30.015714
722, -39.588910, 23.684744, 672, -40.129729, 22.843605
723, 31.469578, 22.747301, 154, 31.285681, 23.584312
724, -11.662860, -14.057769, 137, -11.665413, -13.954270
725, 21.511545, -32.542555, 709, 22.375326, -33.046422
726, 15.100865, 30.361325, 622, 14.105352, 30.266697
727, -5.901908, 1.546420, 610, -5.638456, 0.581747
728, -13.387115, -39.599027, 636, -13.661948, -38.637535
729, 27.401658, -16.321835, 708, 26.604250, -16.925275
730, -36.718497, 21.582161, 649, -37.700935, 21.395569
731, -7.874664, 39.334867, 426, -8.418189, 39.529223
732, 30.665672, 42.017168, 653, 29.894944, 41.380004
733, 26.957377, -21.119565, 632, 26.455850, -20.979923
734, 28.079861, 13.331169, 28, 27.754758, 13.563388
735, 34.008207, -29.829186, 706, 33.200525, -30.418804
736, -19.447436, 30.303202, 626, -18.903896, 31.142585
737, 21.329898, -34.425557, 710, 22.252079, -34.038798
738, -29.184371, -7.763256, 641, -28.644537, -8.605027
739, -27.852085, -14.106462, 451, -28.142239, -14.395100
740, 13.883000, 41.651510, 591, 13.047948, 41.101338
741, 34.977279, -30.075964, 735, 34.008207, -29.829186
742, 13.707030, 7.210200, 491, 13.499832, 8.188499
743, -1.117705, 34.289281, 285, -0.944700, 33.692032
744, 23.096341, -35.803625, 713, 22.861602, -34.831566
745, -28.226165, 15.389183, 473, -29.175211, 15.704323
746, -28.440674, 39.725180, 700, -27.487772, 39.421900
747, 28.201887, 24.813645, 157, 29.199951, 24.875825
748, 0.500275, 5.740810, 96, -0.389373, 5.284163
749, 28.358936, -16.611002, 729, 27.401658, -16.321835
750, 28.971129, 41.762844, 653, 29.894944, 41.380004
751, 32.875549, -32.959616, 720, 32.665779, -31.981865
752, 29.223532, 36.740016, 476, 30.211822, 36.892609
753, 33.361988, -33.833330, 751, 32.875549, -32.959616
754, -35.598784, 7.904384, 704, -36.057573, 8.792929
755, 29.028643, -15.868377, 749, 28.358936, -16.611002
756, -29.055356, 40.513955, 746, -28.440674, 39.725180
757, 24.101795, 14.527577, 235, 25.101411, 14.555299
758, -37.550833, -9.626304, 685, -36.587791, -9.895656
759, -26.865879, -10.042423, 582, -27.803375, -10.390422
760, 34.132057, 30.170751, 488, 35.126785, 30.273307
761, -1.722393, -1.797708, 248, -1.652412, -1.337216
762, 22.717258, -36.728987, 744, 23.096341, -35.803625
763, -29.935060, 40.989477, 756, -29.055356, 40.513955
764, 35.800010, -29.507532, 741, 34.977279, -30.075964
765, 13.726443, 42.639179, 740, 13.883000, 41.651510
766, 31.778940, -20.670302, 694, 30.880268, -21.108925
767, 14.602245, 43.121850, 765, 13.726443, 42.639179
768, 8.666981, -11.557748, 374, 8.004336, -12.306682
769, 21.868346, -37.257520, 762, 22.717258, -36.728987
770, 24.287141, -27.746647, 561, 25.052109, -28.133346
771, -13.377693, -19.106709, 283, -12.608498, -19.745723
772, 30.701341, 15.899143, 596, 29.999145, 15.187159
773, -5.597543, -17.023370, 472, -6.165709, -16.200456
774, 32.777988, -20.626687, 766, 31.778940, -20.670302
775, -39.204614, 24.607954, 722, -39.588910, 23.684744
776, -35.315061, 6.945477, 754, -35.598784, 7.904384
777, -6.925784, 40.726275, 542, -7.489622, 39.900389
778, -22.095817, -31.188420, 638, -22.957851, -30.681570
779, 33.867732, -34.696014, 753, 33.361988, -33.833330
780, -38.846173, 25.541506, 775, -39.204614, 24.607954
781, 15.000737, -23.359135, 573, 14.766289, -22.387006
782, -7.473373, 36.139213, 390, -7.513463, 36.708781
783, 21.246869, -38.040953, 769, 21.868346, -37.257520
784, -25.105475, 16.751518, 578, -25.034198, 15.754061
785, 11.385680, 6.963992, 50, 11.180178, 7.387528
786, 15.585974, 43.301506, 767, 14.602245, 43.121850
787, 18.839239, 3.306488, 42, 19.055225, 3.129439
788, 16.460012, 43.787364, 786, 15.585974, 43.301506
789, -31.731291, 19.977335, 623, -32.539685, 19.388692
790, -11.365477, 43.452412, 716, -11.788639, 42.546358
791, 34.851551, -34.875183, 779, 33.867732, -34.696014
792, -41.061043, 22.479388, 672, -40.129729, 22.843605
793, -23.887467, -14.479537, 600, -24.876319, -14.330638
794, 36.786222, -29.673019, 764, 35.800010, -29.507532
795, 14.458631, -24.199446, 781, 15.000737, -23.359135
796, -36.221302, 6.522716, 776, -35.315061, 6.945477
797, 21.902839, -38.795741, 783, 21.246869, -38.040953
798, -24.243448, 7.318807, 393, -24.486133, 7.106254
799, 30.713228, 41.047673, 653, 29.894944, 41.380004
800, 37.751792, -29.412878, 794, 36.786222, -29.673019
801, 25.580171, -32.530579, 701, 26.094673, -31.673089
802, 33.588836, -20.041431, 774, 32.777988, -20.626687
803, -30.792036, 41.504832, 763, -29.935060, 40.989477
804, -31.555527, 20.961767, 789, -31.731291, 19.977335
805, -34.686084, 8.313015, 754, -35.598784, 7.904384
806, -23.296602, 11.691448, 358, -23.382971, 10.695185
807, 22.097264, -35.760673, 744, 23.096341, -35.803625
808, -0.438152, -0.920848, 78, -0.196583, -1.177562
809, -35.929417, 5.566263, 796, -36.221302, 6.522716
810, -8.237479, -21.457567, 624, -8.809857, -22.277557
811, 35.630559, -30.353158, 741, 34.977279, -30.075964
812, -6.198312, -9.738548, 156, -5.870576, -8.793778
813, 17.771067, -15.132101, 644, 17.600718, -16.117485
814, 34.463117, -19.556010, 802, 33.588836, -20.041431
815, 17.003953, 34.392705, 715, 16.004396, 34.422444
816, 15.956712, 25.811909, 574, 16.264108, 24.860327
817, -20.343666, 31.710686, 531, -19.391332, 32.015744
818, 20.346764, -38.476625, 783, 21.246869, -38.040953
819, 38.374943, -28.630776, 800, 37.751792, -29.412878
820, -28.879724, -6.810791, 738, -29.184371, -7.763256
821, -38.235812, -8.897742, 758, -37.550833, -9.626304
822, 14.265385, -25.180596, 795, 14.458631, -24.199446
823, -28.643584, 38.764608, 746, -28.440674, 39.725180
824, 35.666592, -35.454587, 791, 34.851551, -34.875183
825, -12.408758, 35.321601, 395, -12.861289, 34.429852
826, 35.376369, -19.148616, 814, 34.463117, -19.556010
827, 26.741629, -15.570594, 729, 27.401658, -16.321835
828, -28.357415, 8.923058, 673, -27.414157, 8.590995
829, -8.527940, 35.976132, 655, -8.899152, 36.326928
830, -23.130276, -13.826343, 793, -23.887467, -14.479537
831, 36.071811, -36.368806, 824, 35.666592, -35.454587
832, -29.235479, 37.958594, 823, -28.643584, 38.764608
833, 26.807848, -14.572789, 827, 26.741629, -15.570594
834, 8.896044, -10.584336, 768, 8.666981, -11.557748
835, 20.641392, -24.668741, 496, 20.883106, -23.828568
836, 7.298602, 31.188108, 224, 7.550686, 30.418633
837, -25.108698, 6.984233, 414, -25.439302, 6.803817
838, -24.065734, 15.504911, 578, -25.034198, 15.754061
839, 29.184208, -14.880551, 755, 29.028643, -15.868377
840, 12.421574, -14.051729, 400, 11.895994, -14.902473
841, 36.216985, -18.606983, 826, 35.376369, -19.148616
842, -38.079862, 9.959008, 705, -37.107623, 9.725015
843, -15.270940, 36.020757, 416, -15.650943, 35.095772
844, -7.444251, -22.066491, 810, -8.237479, -21.457567
845, 23.732233, -30.076459, 657, 24.107236, -30.776191
846, -21.125656, 31.087395, 817, -20.343666, 31.710686
847, -6.032448, 41.175663, 777, -6.925784, 40.726275
848, -39.307377, 26.428801, 780, -38.846173, 25.541506
849, 30.178484, -14.773710, 839, 29.184208, -14.880551
850, 28.647529, -14.690042, 839, 29.184208, -14.880551
851, -42.011139, 22.791346, 792, -41.061043, 22.479388
852, 25.785157, 31.277901, 535, 26.779009, 31.167183
853, -12.047321, 41.131432, 614, -11.234494, 41.713938
854, -31.674938, 41.974389, 803, -30.792036, 41.504832
855, -16.056031, -35.353092, 684, -15.072083, -35.174637
856, 30.195010, -13.773846, 849, 30.178484, -14.773710
857, 26.511464, -13.617720, 833, 26.807848, -14.572789
858, -5.404916, 40.397072, 847, -6.032448, 41.175663
859, -30.138542, 37.529085, 832, -29.235479, 37.958594
860, 24.399619, 13.572956, 757, 24.101795, 14.527577
861, 28.402226, 16.542667, 139, 28.773420, 16.956748
862, 17.708177, -15.291032, 813, 17.771067, -15.132101
863, 18.539070, -24.569987, 703, 19.013217, -24.255327
864, 24.038635, -36.138410, 744, 23.096341, -35.803625
865, 12.902325, -13.174872, 840, 12.421574, -14.051729
866, 19.588800, -39.128921, 818, 20.346764, -38.476625
867, -33.043144, 11.677827, 594, -33.021925, 12.218473
868, 37.487542, 28.384040, 280, 37.352381, 28.432274
869, 15.209585, 37.178195, 417, 14.566674, 36.647034
870, 37.172650, -18.312527, 841, 36.216985, -18.606983
871, -31.789875, -11.104977, 580, -32.268582, -11.982952
872, 17.483279, -20.277521, 449, 18.039476, -20.312182
873, -32.664485, 42.118598, 854, -31.674938, 41.974389
874, 18.621607, -39.382966, 866, 19.588800, -39.128921
875, 31.192934, -13.709452, 856, 30.195010, -13.773846
876, 39.158016, -29.252705, 819, 38.374943, -28.630776
877, 40.054184, -29.696421, 876, 39.158016, -29.252705
878, 18.922054, -40.336764, 874, 18.621607, -39.382966
879, -25.570542, -17.400835, 316, -26.567740, -17.475644
880, -32.450048, 21.408793, 804, -31.555527, 20.961767
881, 1.045522, 8.461226, 305, 0.648958, 7.543219
882, 33.947369, 29.187954, 760, 34.132057, 30.170751
883, 40.629258, -28.878319, 877, 40.054184, -29.696421
884, -8.405872, -20.471847, 810, -8.237479, -21.457567
885, -36.804195, 5.081741, 809, -35.929417, 5.566263
886, 36.359786, -37.326444, 831, 36.071811, -36.368806
887, -38.405801, 26.861423, 848, -39.307377, 26.428801
888, 13.357848, 22.869846, 241, 13.498881, 23.859851
889, -15.741081, -25.205968, 199, -15.730455, -25.756863
890, 33.281801, 22.451439, 419, 32.513668, 23.091730
891, -6.677143, 2.178092, 727, -5.901908, 1.546420
892, 27.876752, 9.767225, 18, 27.216301, 10.518095
893, -4.786298, -17.608076, 773, -5.597543, -17.023370
894, -36.363349, 4.184158, 885, -36.804195, 5.081741
895, -15.822546, -28.737122, 226, -14.942180, -28.262828
896, 37.207219, -37.857347, 886, 36.359786, -37.326444
897, 41.143568, -28.020715, 883, 40.629258, -28.878319
898, 23.834299, -34.599484, 713, 22.861602, -34.831566
899, -29.061062, 9.633607, 828, -28.357415, 8.923058
900, 4.101969, -5.397024, 359, 3.364221, -4.721948
901, -37.775620, 4.844393, 885, -36.804195, 5.081741
902, 22.412090, -39.656359, 797, 21.902839, -38.795741
903, -38.701965, 4.467715, 901, -37.775620, 4.844393
904, 13.057340, 43.382348, 765, 13.726443, 42.639179
905, -38.234792, 24.726154, 775, -39.204614, 24.607954
906, -38.979823, 10.394978, 842, -38.079862, 9.959008
907, 26.464797, 34.779499, 519, 27.400748, 35.131628
908, 11.276909, 40.897510, 718, 12.110603, 41.449738
909, -15.226118, 37.019752, 843, -15.270940, 36.020757
910, 7.610400, -13.386150, 380, 8.487891, -13.181996
911, 38.073995, -38.356044, 896, 37.207219, -37.857347
912, 23.997230, 20.110729, 599, 24.931799, 19.754949
913, 31.295728, 39.900109, 588, 30.298017, 39.832485
914, 37.448082, -39.135936, 911, 38.073995, -38.356044
915, -25.648719, 38.079351, 637, -25.518818, 39.070878
916, 31.222741, -31.711077, 695, 31.420707, -30.814615
917, 10.770586, 15.490050, 76, 10.361486, 15.636997
918, -13.445550, -18.109014, 771, -13.377693, -19.106709
919, -24.910984, -13.331239, 600, -24.876319, -14.330638
920, -38.147342, -10.428910, 758, -37.550833, -9.626304
921, 23.307820, 15.135527, 757, 24.101795, 14.527577
922, 14.096445, -26.166222, 822, 14.265385, -25.180596
923, 18.405036, -25.979141, 714, 18.684902, -25.199895
924, -29.077673, -6.948248, 820, -28.879724, -6.810791
925, -32.470517, 16.189147, 471, -32.624262, 16.513530
926, -14.352430, -25.384898, 198, -15.223988, -24.894604
927, -21.798533, 30.347640, 846, -21.125656, 31.087395
928, 29.812333, -31.473622, 687, 30.421235, -30.782104
929, 19.162777, 3.720594, 787, 18.839239, 3.306488
930, -26.272487, -17.701156, 316, -26.567740, -17.475644
931, -6.731078, 39.943662, 542, -7.489622, 39.900389
932, 20.722036, -20.803771, 485, 20.462913, -21.769616
933, 37.429363, 26.211309, 254, 36.983186, 26.524255
934, 23.411012, 15.647232, 921, 23.307820, 15.135527
935, -17.801795, -18.408969, 415, -17.723072, -19.405866
936, 13.840203, -27.132835, 922, 14.096445, -26.166222
937, -29.840270, -6.301374, 924, -29.077673, -6.948248
938, -38.641692, 9.131755, 842, -38.079862, 9.959008
939, -5.127415, 33.516500, 336, -5.518115, 33.962492
940, -39.113783, -10.685798, 920, -38.147342, -10.428910
941, 24.942222, -36.566815, 864, 24.038635, -36.138410
942, -38.452797, -7.921567, 821, -38.235812, -8.897742
943, 29.864436, -32.472263, 928, 29.812333, -31.473622
944, -29.349629, -6.134438, 937, -29.840270, -6.301374
945, 28.087460, 20.912907, 339, 29.079368, 21.039866
946, -16.954892, -21.474395, 178, -17.472761, -22.075282
947, -4.257142, -9.811058, 523, -4.476851, -9.868814
948, -30.366603, 42.409822, 803, -30.792036, 41.504832
949, 24.830357, 31.575150, 852, 25.785157, 31.277901
950, 14.366935, 43.138369, 767, 14.602245, 43.121850
951, -29.621397, -36.432061, 559, -28.722444, -35.994017
952, -6.557629, -22.528986, 844, -7.444251, -22.066491
953, 38.919090, -38.890661, 911, 38.073995, -38.356044
954, -40.165832, 26.941688, 848, -39.307377, 26.428801
955, -6.769621, -10.559282, 812, -6.198312, -9.738548
956, -29.637535, 43.094264, 948, -30.366603, 42.409822
957, -39.024057, -7.100798, 942, -38.452797, -7.921567
958, -7.976613, -30.314554, 430, -8.926539, -30.627030
959, -27.670022, -8.380704, 641, -28.644537, -8.605027
960, -30.217122, -5.375101, 937, -29.840270, -6.301374
961, 40.918023, -27.046483, 897, 41.143568, -28.020715
962, 37.517574, -40.133519, 914, 37.448082, -39.135936
963, 23.316334, 20.843109, 912, 23.997230, 20.110729
964, -10.593125, 44.087608, 790, -11.365477, 43.452412
965, 2.246695, -11.481798, 125, 1.418977, -12.042942
966, -7.638814, 2.452300, 891, -6.677143, 2.178092
967, 31.303258, 35.572503, 388, 31.467730, 34.758798
968, -36.411862, -8.911253, 685, -36.587791, -9.895656
969, -5.275985, 33.965602, 336, -5.518115, 33.962492
970, 1.053585, 5.865396, 748, 0.500275, 5.740810
971, -40.849839, 27.671164, 954, -40.165832, 26.941688
972, -15.977026, -38.975388, 621, -15.451425, -38.124656
973, -19.387724, -20.326788, 533, -19.792547, -21.241183
974, 39.863927, -39.218203, 953, 38.919090, -38.890661
975, 41.795485, -26.566836, 961, 40.918023, -27.046483
976, -42.958432, 23.111715, 851, -42.011139, 22.791346
977, -13.338992, -17.870843, 918, -13.445550, -18.109014
978, 30.833148, 37.721217, 489, 30.010654, 37.872165
979, 34.584749, -33.911432, 791, 34.851551, -34.875183
980, -43.834025, 23.594764, 976, -42.958432, 23.111715
981, -41.555647, 28.379567, 971, -40.849839, 27.671164
982, 29.011098, -17.369083, 749, 28.358936, -16.611002
983, 40.850942, -39.378832, 974, 39.863927, -39.218203
984, 41.390335, -40.220885, 983, 40.850942, -39.378832
985, 42.146858, -40.874853, 984, 41.390335, -40.220885
986, 38.034685, -17.805677, 870, 37.172650, -18.312527
987, -37.688826, 10.879383, 842, -38.079862, 9.959008
988, 42.738832, -41.680809, 985, 42.146858, -40.874853
989, 3.670895, -13.401452, 143, 3.638232, -13.385291
990, -2.553251, -8.794170, 437, -3.074882, -9.200660
991, -39.886131, -6.594015, 957, -39.024057, -7.100798
992, 25.739943, -36.913977, 941, 24.942222, -36.566815
993, -40.814800, -6.964926, 991, -39.886131, -6.594015
994, -38.592256, 26.774628, 887, -38.405801, 26.861423
995, 26.736699, -36.833504, 992, 25.739943, -36.913977
996, 43.558579, -42.253535, 988, 42.738832, -41.680809
997, -15.892853, 35.989166, 843, -15.270940, 36.020757
998, -33.939967, 13.412705, 499, -32.959401, 13.216517
999, 41.156280, -38.426588, 983, 40.850942, -39.378832
1000, -27.275099, -14.455698, 739, -27.852085, -14.106462
1001, 32.400617, 37.009955, 469, 32.866715, 36.125222
1002, 32.152509, 40.415789, 913, 31.295728, 39.900109
1003, -17.792931, -17.622115, 935, -17.801795, -18.408969
1004, -8.009891, 11.914441, 138, -7.469500, 11.786639
1005, -8.574993, -20.228420, 884, -8.405872, -20.471847
1006, 18.675250, -41.305830, 878, 18.922054, -40.336764
1007, 24.023629, 16.327060, 934, 23.411012, 15.647232
1008, -15.241206, 8.466750, 314, -15.504735, 8.943847
1009, -32.025038, 22.313982, 880, -32.450048, 21.408793
1010, 35.148558, 24.881169, 209, 34.668795, 24.806143
1011, 23.236068, 21.839883, 963, 23.316334, 20.843109
1012, 38.723172, -17.080430, 986, 38.034685, -17.805677
1013, 29.714574, -33.460970, 943, 29.864436, -32.472263
1014, 2.433159, 32.870795, 261, 2.362404, 32.661883
1015, -41.813055, -6.905886, 993, -40.814800, -6.964926
1016, 12.183987, 10.833035, 49, 12.703553, 11.687465
1017, -26.416486, 40.242015, 679, -26.503400, 39.245799
1018, -36.237018, 3.192170, 894, -36.363349, 4.184158
1019, -37.533120, 27.349714, 887, -38.405801, 26.861423
1020, -27.605106, -9.466742, 627, -28.370391, -9.566715
1021, 20.333670, -34.338781, 737, 21.329898, -34.425557
1022, -31.004996, 37.029829, 859, -30.138542, 37.529085
1023, 34.581910, 30.395879, 760, 34.132057, 30.170751
1024, 25.691566, -13.045211, 857, 26.511464, -13.617720
1025, -12.488295, 34.701369, 395, -12.861289, 34.429852
1026, -26.092728, 4.913571, 612, -25.765344, 5.858462
1027, -42.811987, -6.859672, 1015, -41.813055, -6.905886
1028, 36.523861, -40.245479, 962, 37.517574, -40.133519
1029, 36.049135, -19.888471, 826, 35.376369, -19.148616
1030, -23.160022, 15.081016, 838, -24.065734, 15.504911
1031, 22.727950, -40.605165, 902, 22.412090, -39.656359
1032, -2.689303, 35.659598, 616, -2.198727, 34.788199
1033, -37.249670, 24.554301, 905, -38.234792, 24.726154
1034, 30.860590, 19.130060, 572, 29.919246, 19.467507
1035, -42.448336, 27.928894, 981, -41.555647, 28.379567
1036, -11.351342, 40.271546, 608, -10.604909, 40.937007
1037, 38.107662, -16.292301, 1012, 38.723172, -17.080430
1038, 36.078665, -28.547141, 764, 35.800010, -29.507532
1039, 31.940695, -14.373420, 875, 31.192934, -13.709452
1040, -1.885412, 35.104865, 616, -2.198727, 34.788199
1041, -19.452007, 11.937217, 335, -19.642008, 10.955433
1042, -22.524481, -13.030722, 830, -23.130276, -13.826343
1043, 31.495614, -31.469575, 916, 31.222741, -31.711077
1044, -30.021000, 40.610763, 763, -29.935060, 40.989477
1045, -22.945380, -14.094527, 830, -23.130276, -13.826343
1046, -5.724519, -23.082094, 952, -6.557629, -22.528986
1047, 22.319871, 15.290305, 921, 23.307820, 15.135527
1048, -43.277032, -5.974385, 1027, -42.811987, -6.859672
1049, 9.391798, -9.715873, 834, 8.896044, -10.584336
1050, 38.832018, -15.602875, 1037, 38.107662, -16.292301
1051, -12.438435, 10.088992, 265, -12.021026, 10.296678
1052, 31.844252, -12.950646, 875, 31.192934, -13.709452
1053, 22.653288, -27.810511, 556, 23.521370, -27.314090
1054, -5.077580, -23.844636, 1046, -5.724519, -23.082094
1055, 0.148068, 1.125260, 75, 0.881112, 0.445079
1056, -25.320587, -34.264411, 524, -26.131272, -33.678927
1057, -44.336929, 22.730422, 980, -43.834025, 23.594764
1058, 0.841350, -14.333563, 363, 1.823880, -14.147458
1059, 2.846655, 0.332018, 74, 1.873989, 0.564226
1060, -24.438640, -34.735757, 1056, -25.320587, -34.264411
1061, 28.616861, 40.015783, 619, 29.515306, 40.454869
1062, 1.053551, 8.266735, 881, 1.045522, 8.461226
1063, -24.988823, 17.744691, 784, -25.105475, 16.751518
1064, 41.391396, -37.454620, 999, 41.156280, -38.426588
1065, -3.143118, 6.024052, 656, -2.156142, 6.184918
1066, -13.015478, -14.824753, 569, -13.208510, -14.232470
1067, -12.962976, -37.671812, 583, -13.858832, -37.227469
1068, -39.293158, 5.274245, 903, -38.701965, 4.467715
1069, 2.406919, -10.494718, 965, 2.246695, -11.481798
1070, -36.934857, 18.198332, 554, -36.218900, 18.896477
1071, 34.899720, -29.440021, 741, 34.977279, -30.075964
1072, 27.595861, 10.887586, 18, 27.216301, 10.518095
1073, -27.074162, 5.105373, 1026, -26.092728, 4.913571
1074, -10.599447, -24.448328, 547, -11.528617, -24.078675
1075, -23.623795, 15.905542, 838, -24.065734, 15.504911
1076, 0.327431, 2.109043, 1055, 0.148068, 1.125260
1077, -27.595852, 4.252239, 1073, -27.074162, 5.105373
1078, 14.680240, 34.534311, 332, 14.076133, 34.817484
1079, -35.929636, 2.240584, 1018, -36.237018, 3.192170
1080, 29.843402, 27.417943, 205, 28.956870, 27.716510
1081, 31.548844, -21.852570, 694, 30.880268, -21.108925
1082, 2.367860, -9.495481, 1069, 2.406919, -10.494718
1083, 42.753898, -26.852220, 975, 41.795485, -26.566836
1084, -31.077060, 36.032429, 1022, -31.004996, 37.029829
1085, 38.524175, -14.651438, 1050, 38.832018, -15.602875
1086, 41.203960, -40.279544, 984, 41.390335, -40.220885
1087, 42.170051, -36.827168, 1064, 41.391396, -37.454620
1088, -35.631741, -8.285625, 968, -36.411862, -8.911253
1089, -20.425396, 9.087293, 347, -21.415176, 9.229895
1090, 26.082258, 19.105253, 162, 25.911893, 18.731740
1091, 36.366256, -27.589388, 1038, 36.078665, -28.547141
1092, 35.902666, -38.215849, 886, 36.359786, -37.326444
1093, 31.298592, 19.379735, 1034, 30.860590, 19.130060
1094, -21.973610, -31.009980, 778, -22.095817, -31.188420
1095, 0.045833, 36.520236, 410, -0.324708, 36.943024
1096, 27.252451, 25.127608, 747, 28.201887, 24.813645
1097, 31.794075, -15.362612, 1039, 31.940695, -14.373420
1098, -4.168367, -24.260968, 1054, -5.077580, -23.844636
1099, 22.022877, -28.586773, 1053, 22.653288, -27.810511
1100, 43.317477, -26.026158, 1083, 42.753898, -26.852220
1101, 33.279968, -21.491566, 774, 32.777988, -20.626687
1102, -16.780009, -27.182753, 214, -15.924782, -26.737800
1103, 17.607761, -14.145525, 813, 17.771067, -15.132101
1104, 16.666315, -17.838006, 579, 16.128971, -17.386903
1105, 20.094389, -35.177347, 1021, 20.333670, -34.338781
1106, 19.094452, -35.188586, 1105, 20.094389, -35.177347
1107, -2.191447, 4.331347, 396, -2.192869, 4.426328
1108, -19.314055, 36.905427, 484, -19.939450, 36.853926
1109, -35.781987, 21.932801, 730, -36.718497, 21.582161
1110, -33.711790, 8.538296, 805, -34.686084, 8.313015
1111, -30.273009, 35.742374, 1084, -31.077060, 36.032429
1112, -39.300027, 18.571962, 628, -38.587216, 19.273318
1113, -40.287149, 5.383702, 1068, -39.293158, 5.274245
1114, -9.459294, -15.230022, 146, -9.774455, -15.732236
1115, 35.343141, 30.777706, 488, 35.126785, 30.273307
1116, 6.566420, 4.974365, 60, 6.384350, 5.209612
1117, -12.814752, 32.935492, 394, -12.590244, 33.909965
1118, 2.073655, -1.580602, 494, 1.112240, -1.305498
1119, 39.002067, -13.773019, 1085, 38.524175, -14.651438
1120, 22.222710, 10.790163, 509, 22.706852, 9.915173
1121, -32.029556, 35.727878, 1084, -31.077060, 36.032429
1122, -36.828470, -9.643762, 685, -36.587791, -9.895656
1123, -22.770614, 30.582287, 927, -21.798533, 30.347640
1124, -4.216452, -17.987916, 893, -4.786298, -17.608076
1125, 23.539659, -41.189227, 1031, 22.727950, -40.605165
1126, -43.110994, 28.677816, 1035, -42.448336, 27.928894
1127, 30.062820, -34.398373, 1013, 29.714574, -33.460970
1128, -35.117020, 19.314671, 526, -34.773648, 18.544119
1129, -43.455857, 29.616469, 1126, -43.110994, 28.677816
1130, 2.163854, 37.766625, 593, 1.248529, 38.169343
1131, -38.374283, -6.340670, 957, -39.024057, -7.100798
1132, -26.015288, 16.336499, 784, -25.105475, 16.751518
1133, 39.839308, -13.226184, 1119, 39.002067, -13.773019
1134, -13.405759, -15.745449, 1066, -13.015478, -14.824753
1135, -40.189040, -5.640996, 991, -39.886131, -6.594015
1136, 22.346060, 20.601100, 963, 23.316334, 20.843109
1137, -29.085132, 8.237181, 828, -28.357415, 8.923058
1138, 23.000873, 16.138099, 934, 23.411012, 15.647232
1139, -44.454122, 29.557579, 1129, -43.455857, 29.616469
1140, 44.262712, -42.963604, 996, 43.558579, -42.253535
1141, 44.194363, -43.961266, 1140, 44.262712, -42.963604
1142, 26.800260, -22.107145, 733, 26.957377, -21.119565
1143, -29.715388, -4.510079, 960, -30.217122, -5.375101
1144, -5.749334, -24.585411, 1054, -5.077580, -23.844636
1145, -4.949187, 39.654136, 858, -5.404916, 40.397072
1146, -28.773921, -4.172972, 1143, -29.715388, -4.510079
1147, -16.820725, -39.512204, 972, -15.977026, -38.975388
1148, 31.245726, -15.783653, 1097, 31.794075, -15.362612
1149, 39.947635, -26.804931, 961, 40.918023, -27.046483
1150, -24.653446, 18.686775, 1063, -24.988823, 17.744691
1151, 21.454238, 11.430045, 1120, 22.222710, 10.790163
1152, -38.680833, 20.561189, 639, -38.326963, 20.615769
1153, -30.278923, 34.742391, 1111, -30.273009, 35.742374
1154, 18.077572, -26.924005, 923, 18.405036, -25.979141
1155, 31.868328, -22.766212, 1081, 31.548844, -21.852570
1156, 21.236814, -19.946447, 932, 20.722036, -20.803771
1157, 9.244249, 34.440643, 674, 8.248396, 34.531617
1158, -16.439351, -29.524238, 895, -15.822546, -28.737122
1159, 13.063073, 35.498009, 348, 14.011373, 35.815385
1160, -28.249965, -15.233046, 409, -28.379953, -15.366435
1161, -12.191543, 36.297724, 825, -12.408758, 35.321601
1162, 15.472077, 30.658720, 726, 15.100865, 30.361325
1163, 27.672571, 40.344899, 1061, 28.616861, 40.015783
1164, -11.623357, -24.050643, 547, -11.528617, -24.078675
1165, -37.707213, 28.334443, 1019, -37.533120, 27.349714
1166, -12.728581, 33.352167, 1117, -12.814752, 32.935492
1167, 17.016409, 12.620394, 654, 16.055603, 12.343174
1168, 42.684589, -37.014846, 1087, 42.170051, -36.827168
1169, -39.215102, 23.040673, 722, -39.588910, 23.684744
1170, -39.958220, 10.188244, 906, -38.979823, 10.394978
1171, 24.539580, -41.176652, 1125, 23.539659, -41.189227
1172, 39.667276, -12.241093, 1133, 39.839308, -13.226184
1173, 39.203528, -11.355126, 1172, 39.667276, -12.241093
1174, 38.409742, 5.807215, 1, 39.000000, 5.000000
1175, 13.907258, 18.621069, 308, 14.005753, 18.706153
1176, 39.637382, -17.485673, 1012, 38.723172, -17.080430
1177, -36.632459, 17.856694, 1070, -36.934857, 18.198332
1178, 21.708104, 9.865157, 509, 22.706852, 9.915173
1179, 34.943677, -38.499291, 1092, 35.902666, -38.215849
1180, -19.599523, -22.747064, 187, -19.570857, -22.711952
1181, 40.572761, -17.132027, 1176, 39.637382, -17.485673
1182, 33.152460, 40.425774, 1002, 32.152509, 40.415789
1183, -6.322356, -4.849425, 303, -5.748181, -4.030692
1184, -44.889103, 30.458019, 1139, -44.454122, 29.557579
1185, -44.497707, 31.378241, 1184, -44.889103, 30.458019
1186, 18.006756, -13.228572, 1103, 17.607761, -14.145525
1187, 43.660531, -44.806856, 1141, 44.194363, -43.961266
1188, 34.164079, 21.980712, 890, 33.281801, 22.451439
1189, 42.958942, -36.581759, 1168, 42.684589, -37.014846
1190, -45.776756, 29.997506, 1184, -44.889103, 30.458019
1191, 28.156005, -26.975069, 564, 27.464477, -27.697418
1192, -42.972432, 24.052137, 976, -42.958432, 23.111715
1193, -22.008979, -32.184643, 778, -22.095817, -31.188420
1194, 29.953427, 28.289464, 211, 29.552126, 28.520045
1195, 30.750892, -20.954315, 694, 30.880268, -21.108925
1196, -20.090454, -24.439613, 196, -20.306966, -23.886903
1197, 31.488617, 24.733662, 160, 32.017842, 24.265445
1198, 0.757021, -2.217422, 494, 1.112240, -1.305498
1199, -21.859089, -32.624252, 1193, -22.008979, -32.184643
1200, -6.699694, 10.581493, 135, -6.991468, 10.908296
1201, 34.182737, -39.148114, 1179, 34.943677, -38.499291
1202, -33.895909, 8.411716, 1110, -33.711790, 8.538296
1203, -6.694704, 39.214294, 931, -6.731078, 39.943662
1204, -3.191570, 36.524311, 1032, -2.689303, 35.659598
1205, -5.960013, -17.955365, 773, -5.597543, -17.023370
1206, -17.262991, -38.615320, 1147, -16.820725, -39.512204
1207, 17.936275, 10.764471, 99, 18.218025, 10.589122
1208, 30.248866, -33.545461, 1013, 29.714574, -33.460970
1209, -40.917384, 4.640748, 1113, -40.287149, 5.383702
1210, 17.099287, 43.018386, 788, 16.460012, 43.787364
1211, 27.820064, 25.358667, 1096, 27.252451, 25.127608
1212, -41.907924, 4.777976, 1209, -40.917384, 4.640748
1213, 20.786832, 10.254076, 1178, 21.708104, 9.865157
1214, 30.281357, 23.393112, 150, 30.343124, 23.250267
1215, 41.567828, -17.032823, 1181, 40.572761, -17.132027
1216, 43.913449, -25.223153, 1100, 43.317477, -26.026158
1217, 25.233341, -41.896857, 1171, 24.539580, -41.176652
1218, -40.628954, 10.929942, 1170, -39.958220, 10.188244
1219, -39.885279, -11.322032, 940, -39.113783, -10.685798
1220, -35.614289, 22.387657, 1109, -35.781987, 21.932801
1221, 36.023273, -41.111164, 1028, 36.523861, -40.245479
1222, -32.714676, 36.072530, 1121, -32.029556, 35.727878
1223, 44.600879, -24.496902, 1216, 43.913449, -25.223153
1224, -9.216551, 35.579654, 829, -8.527940, 35.976132
1225, -28.784187, -3.173024, 1146, -28.773921, -4.172972
1226, -44.844650, 32.316128, 1185, -44.497707, 31.378241
1227, 28.192547, 28.491878, 478, 29.191240, 28.542992
1228, 13.359300, -28.009609, 936, 13.840203, -27.132835
1229, -18.221874, -38.331519, 1206, -17.262991, -38.615320
1230, 45.155302, -42.512737, 1140, 44.262712, -42.963604
1231, 17.930093, -12.231515, 1186, 18.006756, -13.228572
1232, 21.836755, -37.435921, 769, 21.868346, -37.257520
1233, -16.818446, -40.512202, 1147, -16.820725, -39.512204
1234, 37.578933, -14.325070, 1085, 38.524175, -14.651438
1235, 33.004386, -29.561150, 706, 33.200525, -30.418804
1236, 13.045991, -28.959260, 1228, 13.359300, -28.009609
1237, -44.983901, 21.967908, 1057, -44.336929, 22.730422
1238, -16.458397, -41.445135, 1233, -16.818446, -40.512202
1239, 26.554393, -25.925334, 558, 26.930540, -26.851894
1240, -38.353637, 29.097421, 1165, -37.707213, 28.334443
1241, 17.436826, 35.294160, 815, 17.003953, 34.392705
1242, 12.500996, -29.797699, 1236, 13.045991, -28.959260
1243, 7.952671, 35.486890, 674, 8.248396, 34.531617
1244, -7.801430, 10.866662, 135, -6.991468, 10.908296
1245, 21.605819, -19.017020, 1156, 21.236814, -19.946447
1246, -40.867830, -4.906663, 1135, -40.189040, -5.640996
1247, 36.367358, -42.050103, 1221, 36.023273, -41.111164
1248, -41.463667, 11.480628, 1218, -40.628954, 10.929942
1249, -32.591609, 23.137994, 1009, -32.025038, 22.313982
1250, -40.942648, 29.169651, 981, -41.555647, 28.379567
1251, 12.933529, 28.282305, 544, 13.479698, 29.116284
1252, -40.185887, 11.826431, 1218, -40.628954, 10.929942
1253, 21.555143, 15.934658, 1047, 22.319871, 15.290305
1254, -18.766685, -18.633367, 935, -17.801795, -18.408969
1255, 21.404929, 20.263059, 1136, 22.346060, 20.601100
1256, -10.249870, 31.376015, 658, -10.538095, 31.394080
1257, -45.174094, 33.260303, 1226, -44.844650, 32.316128
1258, 18.918172, -12.077569, 1231, 17.930093, -12.231515
1259, 25.854444, -42.680586, 1217, 25.233341, -41.896857
1260, 17.629408, -11.277792, 1231, 17.930093, -12.231515
1261, -46.154309, 33.458237, 1257, -45.174094, 33.260303
1262, -13.044320, 41.054021, 853, -12.047321, 41.131432
1263, 26.519900, -43.427023, 1259, 25.854444, -42.680586
1264, 20.069044, 8.006384, 33, 19.967163, 7.279231
1265, -0.645420, -11.599324, 440, 0.228677, -11.113573
1266, -1.424755, -12.225932, 1265, -0.645420, -11.599324
1267, 39.691056, -18.484231, 1176, 39.637382, -17.485673
1268, 35.470707, -42.492841, 1247, 36.367358, -42.050103
1269, 42.987088, -45.546095, 1187, 43.660531, -44.806856
1270, -42.700428, 4.168110, 1212, -41.907924, 4.777976
1271, 43.186305, -35.607949, 1189, 42.958942, -36.581759
1272, 42.184745, -37.023040, 1087, 42.170051, -36.827168
1273, -15.584625, 37.953279, 909, -15.226118, 37.019752
1274, -40.605308, 3.690691, 1209, -40.917384, 4.640748
1275, -40.150304, 28.741134, 1250, -40.942648, 29.169651
1276, -46.267697, 34.451788, 1261, -46.154309, 33.458237
1277, 13.260898, -12.241370, 865, 12.902325, -13.174872
1278, 40.615079, -11.922237, 1172, 39.667276, -12.241093
1279, 31.283147, 18.223723, 1034, 30.860590, 19.130060
1280, -46.243252, 35.451489, 1276, -46.267697, 34.451788
1281, -31.738892, 37.709091, 1022, -31.004996, 37.029829
1282, 19.034435, -22.328197, 475, 19.390500, -22.686034
1283, -38.571889, 5.966900, 1068, -39.293158, 5.274245
1284, -21.900041, -33.623413, 1199, -21.859089, -32.624252
1285, -45.749578, 36.321137, 1280, -46.243252, 35.451489
1286, -45.938881, 21.671237, 1237, -44.983901, 21.967908
1287, -7.731094, -12.098911, 242, -8.115834, -11.272594
1288, -22.453074, -34.456573, 1284, -21.900041, -33.623413
1289, 10.727295, 26.011577, 172, 11.147993, 26.265611
1290, -10.826137, -17.266138, 149, -11.128311, -17.193631
1291, -35.462477, 17.089538, 538, -35.654597, 18.070909
1292, -10.737903, 44.048185, 964, -10.593125, 44.087608
1293, 17.677811, -27.840624, 1154, 18.077572, -26.924005
1294, -14.443685, -18.170066, 918, -13.445550, -18.109014
1295, 13.004800, -14.678340, 840, 12.421574, -14.051729
1296, -20.331643, 8.782807, 1089, -20.425396, 9.087293
1297, -1.064656, 5.457495, 227, -1.268071, 4.806786
1298, -44.160948, 29.339532, 1139, -44.454122, 29.557579
1299, -19.194478, -38.099053, 1229, -18.221874, -38.331519
1300, 29.985024, -17.142220, 982, 29.011098, -17.369083
1301, 0.111642, 30.786650, 659, -0.598446, 31.490764
1302, -5.043954, -9.536005, 523, -4.476851, -9.868814
1303, -43.680296, -5.059302, 1048, -43.277032, -5.974385
1304, 21.411032, -18.178657, 1245, 21.605819, -19.017020
1305, 7.909047, 9.639307, 482, 7.298124, 9.738774
1306, 27.688058, -37.141588, 995, 26.736699, -36.833504
1307, 40.189740, -30.687190, 877, 40.054184, -29.696421
1308, 16.905591, 26.127549, 816, 15.956712, 25.811909
1309, 8.029221, -10.085721, 834, 8.896044, -10.584336
1310, -26.391207, 40.313974, 1017, -26.416486, 40.242015
1311, 25.769278, -15.337069, 827, 26.741629, -15.570594
1312, -17.034824, -27.219599, 1102, -16.780009, -27.182753
1313, 45.162614, -23.669585, 1223, 44.600879, -24.496902
1314, 26.233507, -24.978216, 1239, 26.554393, -25.925334
1315, -19.174092, -21.161953, 533, -19.792547, -21.241183
1316, 32.282810, 18.249680, 1279, 31.283147, 18.223723
1317, 25.790696, 35.518139, 907, 26.464797, 34.779499
1318, 17.098096, 13.617052, 1167, 17.016409, 12.620394
1319, -6.626230, 8.370995, 206, -6.691009, 9.368895
1320, 13.559456, -12.771062, 1277, 13.260898, -12.241370
1321, -41.011368, 30.167287, 1250, -40.942648, 29.169651
1322, -42.979058, 5.128508, 1270, -42.700428, 4.168110
1323, -32.027000, 12.117861, 594, -33.021925, 12.218473
1324, 13.515282, -11.274267, 1277, 13.260898, -12.241370
1325, -37.089814, 11.680123, 987, -37.688826, 10.879383
1326, 27.284364, 39.498113, 1163, 27.672571, 40.344899
1327, -23.113673, 11.940663, 806, -23.296602, 11.691448
1328, 17.617347, 9.132705, 300, 16.979057, 9.408665
1329, -42.453696, 11.621486, 1248, -41.463667, 11.480628
1330, 41.353975, -11.248417, 1278, 40.615079, -11.922237
1331, 13.458912, -10.275857, 1324, 13.515282, -11.274267
1332, -44.309006, -4.281662, 1303, -43.680296, -5.059302
1333, -22.931258, 29.595275, 1123, -22.770614, 30.582287
1334, -10.402638, 45.069297, 964, -10.593125, 44.087608
1335, -28.119731, 7.111366, 563, -27.249828, 7.604590
1336, -43.372804, 3.427900, 1270, -42.700428, 4.168110
1337, 8.636427, 8.435779, 179, 8.386321, 7.750792
1338, -46.310569, 20.742879, 1286, -45.938881, 21.671237
1339, 20.548337, -32.273798, 725, 21.511545, -32.542555
1340, -46.549684, 29.363013, 1190, -45.776756, 29.997506
1341, 7.074524, -13.608896, 910, 7.610400, -13.386150
1342, 32.947389, 33.885255, 495, 31.947397, 33.881347
1343, 17.378816, 14.576842, 1318, 17.098096, 13.617052
1344, 23.348305, -41.017445, 1125, 23.539659, -41.189227
1345, 37.108065, -16.263924, 1037, 38.107662, -16.292301
1346, 17.581590, 5.963150, 666, 18.242811, 6.713341
1347, -36.411352, 17.632110, 1177, -36.632459, 17.856694
1348, -28.906619, 6.858929, 1335, -28.119731, 7.111366
1349, 30.661688, -33.202331, 1208, 30.248866, -33.545461
1350, 24.840347, 15.750023, 1007, 24.023629, 16.327060
1351, 17.811580, 42.316504, 1210, 17.099287, 43.018386
1352, 45.506231, -24.921564, 1223, 44.600879, -24.496902
1353, 18.278507, -16.852741, 644, 17.600718, -16.117485
1354, -6.378337, -7.731645, 104, -6.562788, -7.630411
1355, -9.562728, 40.151430, 525, -9.122080, 40.239531
1356, -22.213254, -26.023502, 568, -23.208087, -25.921982
1357, -39.966547, 2.921286, 1274, -40.605308, 3.690691
1358, 14.040080, 30.480518, 622, 14.105352, 30.266697
1359, 31.677033, 34.698218, 388, 31.467730, 34.758798
1360, 40.587211, -41.066703, 1086, 41.203960, -40.279544
1361, -45.085603, -4.911660, 1332, -44.309006, -4.281662
1362, -27.736742, 3.262213, 1077, -27.595852, 4.252239
1363, -36.554231, 27.145322, 1019, -37.533120, 27.349714
1364, -34.955121, 2.016260, 1079, -35.929636, 2.240584
1365, -18.693337, -17.543171, 1003, -17.792931, -17.622115
1366, 6.665945, 29.410353, 249, 6.249850, 29.395361
1367, 42.429184, -16.524821, 1215, 41.567828, -17.032823
1368, 29.692179, 27.713365, 1080, 29.843402, 27.417943
1369, -6.405921, 0.124623, 610, -5.638456, 0.581747
1370, -45.430287, 37.268793, 1285, -45.749578, 36.321137
1371, -15.909309, 37.111790, 909, -15.226118, 37.019752
1372, -23.318516, -22.067669, 207, -23.174730, -22.052636
1373, 39.442367, -18.400839, 1267, 39.691056, -18.484231
1374, 23.428262, -42.183003, 1125, 23.539659, -41.189227
1375, -4.263848, 39.768086, 1145, -4.949187, 39.654136
1376, -32.540029, 38.307571, 1281, -31.738892, 37.709091
1377, -27.107571, 7.060337, 563, -27.249828, 7.604590
1378, 34.104620, 11.374707, 183, 33.348521, 12.029164
1379, 25.029399, 36.166542, 1317, 25.790696, 35.518139
1380, -13.988351, 33.768465, 398, -13.807958, 34.752059
1381, -5.029064, -7.112328, 502, -4.988771, -7.126293
1382, -35.823330, 26.462838, 1363, -36.554231, 27.145322
1383, 41.332478, -12.618900, 1278, 40.615079, -11.922237
1384, -33.536851, 7.478401, 1202, -33.895909, 8.411716
1385, -44.372728, 3.440233, 1336, -43.372804, 3.427900
1386, 16.614763, 6.218583, 1346, 17.581590, 5.963150
1387, 1.661269, 3.236240, 72, 1.906279, 3.390079
1388, -41.838129, 11.966350, 1248, -41.463667, 11.480628
1389, 15.746043, 5.723280, 1386, 16.614763, 6.218583
1390, -30.828367, -10.830203, 871, -31.789875, -11.104977
1391, 35.008694, 25.797860, 411, 35.502665, 25.522060
1392, 31.621425, 30.488686, 434, 31.183768, 29.589544
1393, -29.341019, 34.395497, 1153, -30.278923, 34.742391
1394, -23.625297, -15.444559, 793, -23.887467, -14.479537
1395, -22.773453, -13.168082, 1042, -22.524481, -13.030722
1396, 34.649621, -43.063646, 1268, 35.470707, -42.492841
1397, 15.590633, 32.660189, 650, 14.833810, 32.006569
1398, 16.003498, -21.790278, 570, 15.069131, -21.433966
1399, -44.272785, 30.961323, 1185, -44.497707, 31.378241
1400, -3.769651, -18.860154, 1124, -4.216452, -17.987916
1401, -29.001153, 33.455023, 1393, -29.341019, 34.395497
1402, -43.579432, 24.846839, 1192, -42.972432, 24.052137
1403, 40.984999, -41.815140, 1360, 40.587211, -41.066703
1404, -9.819149, 36.247825, 1224, -9.216551, 35.579654
1405, -23.754714, 30.759898, 1123, -22.770614, 30.582287
1406, -32.392933, 37.001117, 1281, -31.738892, 37.709091
1407, -37.733116, 28.501816, 1165, -37.707213, 28.334443
1408, 36.372703, -39.750835, 1028, 36.523861, -40.245479
1409, -31.132564, -5.777550, 960, -30.217122, -5.375101
1410, 31.858933, 13.088677, 351, 32.838911, 12.889570
1411, -47.549233, 29.393058, 1340, -46.549684, 29.363013
1412, -32.070912, 34.728734, 1121, -32.029556, 35.727878
1413, 36.082289, -35.968599, 831, 36.071811, -36.368806
1414, -9.511829, 45.523675, 1334, -10.402638, 45.069297
1415, -10.728850, 8.121725, 501, -11.041488, 8.889016
1416, 19.292531, -42.092573, 1006, 18.675250, -41.305830
1417, 25.853187, -29.319307, 625, 24.873799, -29.117320
1418, -41.260204, 21.499421, 792, -41.061043, 22.479388
1419, 14.673749, -20.189665, 455, 15.593396, -20.582411
1420, -24.731009, 30.976344, 1405, -23.754714, 30.759898
1421, 16.206564, 44.754713, 788, 16.460012, 43.787364
1422, 35.192067, -43.903736, 1396, 34.649621, -43.063646
1423, -12.411542, -22.266374, 252, -13.135953, -22.895229
1424, 32.842622, -12.893573, 1052, 31.844252, -12.950646
1425, -44.668860, 24.106350, 980, -43.834025, 23.594764
1426, 1.783212, 7.182596, 669, 1.585630, 7.193010
1427, -43.525311, -7.560506, 1027, -42.811987, -6.859672
1428, -15.067008, -23.285103, 173, -14.707136, -22.979801
1429, 24.305787, -22.297115, 597, 24.198961, -22.525404
1430, -20.721046, 38.668687, 516, -21.141894, 37.761556
1431, 31.722895, 12.800434, 1410, 31.858933, 13.088677
1432, -13.247110, -37.323731, 1067, -12.962976, -37.671812
1433, 32.537928, 12.945619, 351, 32.838911, 12.889570
1434, -16.421851, -35.517524, 855, -16.056031, -35.353092
1435, -11.575829, -16.717442, 149, -11.128311, -17.193631
1436, -3.550670, 5.533410, 1065, -3.143118, 6.024052
1437, 25.715185, -16.302308, 1311, 25.769278, -15.337069
1438, 35.057280, -18.200891, 826, 35.376369, -19.148616
1439, 10.700942, 15.928710, 917, 10.770586, 15.490050
1440, -29.449455, 9.407770, 899, -29.061062, 9.633607
1441, 17.152477, 27.096594, 1308, 16.905591, 26.127549
1442, -30.391998, -3.773737, 1143, -29.715388, -4.510079
1443, -20.179764, -38.269968, 1299, -19.194478, -38.099053
1444, 12.620077, 32.856277, 576, 12.641082, 33.000573
1445, -2.470073, 31.488439, 340, -2.218871, 31.454401
1446, -33.662674, 35.754254, 1222, -32.714676, 36.072530
1447, -48.051300, 28.528229, 1411, -47.549233, 29.393058
1448, 18.361627, 41.481370, 1351, 17.811580, 42.316504
1449, 34.943391, 32.561687, 719, 35.316140, 31.633755
1450, -39.415954, 2.086512, 1357, -39.966547, 2.921286
1451, -40.713479, 31.121888, 1321, -41.011368, 30.167287
1452, -23.154998, -15.862769, 1394, -23.625297, -15.444559
1453, 28.614099, 39.022595, 1061, 28.616861, 40.015783
1454, 19.586326, -11.333546, 1258, 18.918172, -12.077569
1455, 45.948253, -25.818568, 1352, 45.506231, -24.921564
1456, 34.337253, -44.422671, 1422, 35.192067, -43.903736
1457, -6.554622, 41.436273, 847, -6.032448, 41.175663
1458, 36.806482, -19.944530, 1029, 36.049135, -19.888471
1459, 19.963133, -10.407254, 1454, 19.586326, -11.333546
1460, -13.804429, -13.868466, 569, -13.208510, -14.232470
1461, 6.034306, 5.070749, 60, 6.384350, 5.209612
1462, 28.312437, -25.987380, 1191, 28.156005, -26.975069
1463, 8.022162, 9.226019, 239, 8.412070, 9.189235
1464, 37.004707, -35.582407, 1413, 36.082289, -35.968599
1465, -22.984962, 28.596718, 1333, -22.931258, 29.595275
1466, -4.788687, 31.765195, 680, -3.923333, 32.266356
1467, -10.353732, 41.930386, 614, -11.234494, 41.713938
1468, 4.470912, -6.326476, 900, 4.101969, -5.397024
1469, -34.066914, 16.885558, 513, -33.178995, 17.345558
1470, 21.248081, 21.201142, 1255, 21.404929, 20.263059
1471, -9.763161, 8.381427, 1415, -10.728850, 8.121725
1472, -31.934953, 14.010128, 479, -32.340915, 14.002313
1473, 2.587584, 7.776723, 1426, 1.783212, 7.182596
1474, -20.537235, -20.573770, 533, -19.792547, -21.241183
1475, 34.054001, -45.381717, 1456, 34.337253, -44.422671
1476, -3.584590, -10.551109, 947, -4.257142, -9.811058
1477, 15.437464, 34.084405, 447, 15.163583, 33.881117
1478, 42.116059, -27.787772, 897, 41.143568, -28.020715
1479, 10.996759, 26.014488, 1289, 10.727295, 26.011577
1480, -11.346231, -21.583845, 384, -10.544807, -21.284265
1481, -34.647717, 35.581949, 1446, -33.662674, 35.754254
1482, 27.037079, 24.151076, 1096, 27.252451, 25.127608
1483, 38.476941, -10.668051, 1173, 39.203528, -11.355126
